1 0.4324319433206656 0.22944878378939706 0.013652093912241127 0.07388191999565727
1 0.43403807201622335 0.28445869161225057 0.021682737390029842 0.053805311301185196
1 0.4316288789728867 0.3784172203023799 0.03292563825893417 0.1565975478168821
1 0.2505378685487484 0.1892955664004528 0.057820633040079415 0.02087967304225093
1 0.24812867550541193 0.16881742553209136 0.04497160347561749 0.0184704799989143
1 0.27061447724322024 0.16761282901042243 0.0385322783487937 0.04184811239067812
1 0.2874788285465765 0.15596839596762904 0.030191404503490702 0.04033931033844016
1 0.30233551898048633 0.1571729924892973 0.016864351303356426 0.035334831302270504
1 0.31197229115383335 0.15717299248929728 0.017472269388858094 0.03373295805367263
1 0.3653760702811285 0.16038524988041303 0.09797385042902301 0.03694095999782861
1 0.4272120250600993 0.179658794227106 0.022485801737808574 0.022485801737808914
1 0.6656873149437669 0.19535262813485896 0.10351523700013132 0.06756650333431992
1 0.5670734787215661 0.26268376675108035 0.04211702328644222 0.0404006157956956
1 0.5836479492858289 0.24034402933152446 0.026412987755629586 0.02852090038882032
1 0.5914861202957072 0.2274450539373995 0.027343929465983977 0.03642500616914461
1 0.6047033165259981 0.22362890341789451 0.02106173311381454 0.03441795411282214
1 0.6151747518498151 0.21951512525496777 0.014744292106967266 0.03100225678765497
1 0.7220821103638448 0.18112945255656637 0.021901707475725233 0.015118388542857346
1 0.7443925292934911 0.21519554753897338 0.03922583739432071 0.06264715427244212
1 0.7606529068842359 0.25392126989035824 0.03185274526310508 0.03563943961952539
1 0.7951734355195047 0.2956588548894924 0.0846712516942361 0.08960126579723568
