8 0.1011576034504908 0.1304845021653333 0.02183224568603798 0.045295633609748795
8 0.10854408808275749 0.15885725441187348 0.013263195088792177 0.03985999299280026
8 0.11714488226486722 0.1815866969470004 0.016364837200652235 0.041926602579534344
6 0.048247323564814815 0.08880338239928037 0.0028548712168529455 0.008754938398349043
6 0.05348125412904522 0.06644022453393228 0.0030451959646431524 0.008183964154978449
6 0.06823142208278543 0.09184857836392353 0.002474221721272558 0.009135587893929422
6 0.06727979834383445 0.17073818632295995 0.004377469199174522 0.008945263146139233
6 0.06518622611814229 0.15617834311700995 0.003235520712433342 0.007232340416027477
6 0.07879444558514134 0.19766913813527276 0.00342584546022354 0.009135587893929405
6 0.1885261789235792 0.5021316371752502 0.002721643893399808 0.008164931680199388
6 0.1865372853091716 0.47711344907822884 0.002512286670830619 0.009630432238183885
8 0.1603676324880196 0.46863448156417564 0.0029310011159689965 0.013608219466999074
6 0.5055976925046571 0.4945947771627584 0.005024573341661238 0.013608219466999074
6 0.5157515177992641 0.4844409518681514 0.003977787228815117 0.014655005579845124
6 0.48727893552985063 0.4974210996674428 0.002721643893399914 0.014236291134706747
6 0.49167543720380424 0.5076796035733344 0.003977787228815117 0.01339886224442985
6 0.4271934126524856 0.5035971377332347 0.002302929448261395 0.005233930564230462
6 0.4264606623734934 0.4966883493884505 0.002512286670830548 0.004396501673953565
6 0.43316009349570833 0.5173100358115184 0.0029310011159689254 0.004605858896522719
6 0.4372425593358081 0.5263123963819947 0.002302929448261395 0.0054432877867995446
4 0.4237390184800936 0.4593180851598455 0.004187144451384342 0.018423435586091018
4 0.4287635918217548 0.4722982329591369 0.004187144451384413 0.028472582269413352
6 0.4859181135831508 0.46162101460810684 0.003349715561107445 0.010467861128460782
6 0.6372833855006941 0.43901043457063155 0.005024573341661167 0.012561433354153025
6 0.6233611301998413 0.4388010773480623 0.0027216438933997723 0.010467861128460782
6 0.6303745971559099 0.4425695073543082 0.0029310011159690676 0.010049146683322406
6 0.6233611301998413 0.46873916017546025 0.0027216438933997723 0.010049146683322406
6 0.5949932265417124 0.48067252186190557 0.0029310011159688542 0.00879300334790706
8 0.5928895655114748 0.4411156483923556 0.010134481512814944 0.022049094377434103
8 0.5968686965746524 0.4548758071143737 0.007159213064621497 0.020381945899934948
8 0.6014341919640556 0.4666381767181926 0.008495599526960973 0.020497496977820332
6 0.8891980715895919 0.4444158106449164 0.0031458635998379237 0.013841799839287034
6 0.8941528067593367 0.45519039347436147 0.0036177431398137115 0.013999093019278845
6 0.9079946065986236 0.44134859363507445 0.0033031567798298056 0.013369920299311246
6 0.9178254303481174 0.431203183525597 0.0028312772398541596 0.014156386199270798
6 0.8812547660000011 0.41240664851656517 0.0023593976998785137 0.010538643059457158
6 0.8742552194903617 0.408081086066788 0.0025166908798703955 0.010381349879465205
6 0.8740192797203739 0.4381240834452405 0.002673984059862278 0.010695936239449111
6 0.9513177607925075 0.42491145632592103 0.0029885704198460415 0.008179245359578716
8 0.9588898544773176 0.6701118622857908 0.01141948486741171 0.013703381840894195
8 0.9472800448621156 0.672300596885378 0.009516237389509853 0.017319552048908095
8 0.9357653976208086 0.6706828365291614 0.010848510624041125 0.016748577805537367
6 0.9443300112713675 0.7344416270388774 0.003996819703594099 0.017890526292278396
6 0.9391912430810322 0.7251157143971576 0.002854871216852786 0.01103883537183151
6 0.9110231804080832 0.6974234635936841 0.002474221721272727 0.010467861128460782
6 0.9016972677663634 0.6880975509519643 0.002854871216852786 0.01084851062404141
6 0.8915148937595879 0.6881927133258594 0.00304519596464317 0.010658185876251168
6 0.885614826578092 0.6874314143346987 0.00304519596464317 0.010277536380670683
6 0.8802857336399663 0.7267334747533744 0.00304519596464317 0.009706562137300097
6 0.9194926316847468 0.7921100256193069 0.004187144451384484 0.018651825283439224
6 0.9101667190430273 0.796106845322901 0.0034258454602235132 0.014464680832054882
6 0.9204442554236978 0.743957864428387 0.0038064949558039986 0.018651825283439366
6 0.9200636059281173 0.7673678084065813 0.0034258454602235132 0.019032474779019565
6 0.9319589026650047 0.7588031947560225 0.003616170208013614 0.019032474779019565
6 0.9514671893134999 0.7786921309000979 0.0034258454602236555 0.016558253057746983
6 0.9384299440898712 0.7913487266281461 0.00285487121685307 0.010658185876250883
8 0.8833309296046095 0.8557736537551289 0.007232340416027366 0.02150669650029409
8 0.7085176487593139 0.6785813135624545 0.01122916011962147 0.014274356084264781
8 0.6966223520224267 0.6810555352837271 0.008754938398349026 0.01770020154448815
8 0.6852980295289101 0.6799135867969858 0.010467861128460782 0.018461500535649263
6 0.6943384550489443 0.7433868901850166 0.005329092938125513 0.019032474779019707
6 0.7008094964738111 0.7867809326811812 0.004187144451384484 0.01560662931879591
8 0.6324829120171305 0.8659560277619031 0.007612989911607855 0.02360026872598425
6 0.5179074138474321 0.752617640452841 0.004948443442545169 0.01846150053564912
6 0.529422061088739 0.7685097568933225 0.004377469199174584 0.01941312427460005
6 0.5177170890996419 0.7770743705438812 0.004567793946964755 0.019032474779019707
6 0.5165751406129009 0.8015311006349215 0.00494844344254524 0.01922279952680981
6 0.5077250398406566 0.8052424332168303 0.0036161702080137557 0.01332273234531371
6 0.5082960140840272 0.7789776180217833 0.0036161702080137557 0.01408403133647468
6 0.4777488920637007 0.7358690626473038 0.0026645464690626852 0.010467861128460782
6 0.4995410756856782 0.697328301219789 0.002854871216852999 0.010658185876251025
6 0.5089621507012929 0.7070348633570889 0.0026645464690626852 0.01103883537183151
6 0.4892635393050076 0.697328301219789 0.0036161702080137557 0.010658185876251025
6 0.4837441216190919 0.6971379764719987 0.002854871216852999 0.010277536380670683
8 0.1817939092499451 0.8661463525096932 0.007232340416027441 0.02131637175250205
6 0.24973984421104528 0.7889696672807684 0.004948443442545098 0.016938902553327608
6 0.24288815329059815 0.7446240010456526 0.00456779394696472 0.018842150031229465
8 0.23403805251835408 0.6799135867969858 0.010087211632880405 0.017700201544488293
8 0.24564786213355602 0.6821023213965732 0.008945263146139198 0.018651825283439224
8 0.25706734700096784 0.6792474501797201 0.010467861128460819 0.013703381840894053
4 0.05990573590600519 0.08201491973745753 0.008449633635928402 0.03639842181630695
4 0.06922199863279804 0.1069305060998105 0.007583004545063963 0.05243105999729929
4 0.07777996090508449 0.12469640246253175 0.007366347272347813 0.058497463633350455
8 0.9592387831815959 0.4257007902238076 0.01046786112846076 0.024107801386758075
