6 0.8663168755844475 0.8255190775117457 0.014211377625221075 0.009752906213387006
10 0.6226335474813938 0.7041650587708879 0.017833885647336203 0.02229235705917019
10 0.687420710184607 0.7037470770760281 0.01811254011057555 0.024242938301848187
10 0.6549574652171906 0.8788814072221343 0.01783388564733599 0.023406974912128505
6 0.6380988701911932 0.872890336262482 0.010867524066345382 0.014211377625220933
6 0.6417213782133083 0.713221328826176 0.009195597286907855 0.011424832992824463
6 0.6630384446511397 0.7095988208040609 0.008359633897188842 0.011982141919303899
10 0.4098808647979388 0.8748409175051595 0.01978446689001352 0.023685629375368222
10 0.37797492875700156 0.6999852418222937 0.017833885647336133 0.022849665985649352
10 0.44331940038669404 0.7002638962855334 0.018112540110575778 0.02396428383860794
6 0.40179988536398964 0.7056976583187062 0.009752906213386935 0.01309675977226263
6 0.42297762457020127 0.7022144775282108 0.009752906213386864 0.012260796382543617
6 0.4271574415187957 0.8691285010087472 0.01031021513986616 0.013375414235502205
6 0.24668015599825657 0.18713173162191957 0.017510438744243365 0.01701277998467006
6 0.2061844521697717 0.08555215037891674 0.007523670507469902 0.01114617852958509
6 0.21551937668829915 0.07635655309200905 0.007802324970709584 0.010588869603105797
11 0.8786934700802097 0.7047798351616262 0.005404746382564838 0.026122940849063952
11 0.8789937337681298 0.8795333015312252 0.005404746382564838 0.025522413473223367
11 0.8783932063922893 0.3345547079559293 0.006005273758405565 0.02492188609738271
11 0.8783932063922893 0.38169610695941214 0.004804219006724253 0.02492188609738264
