4 0.19586855374007256 0.6348945254542341 0.071001193722158 0.031566612981527055
4 0.29441664712281346 0.643519761008674 0.05158468020758871 0.04023066174392973
9 0.24960350014006863 0.66800077938794 0.021496734598892717 0.009175435499527396
9 0.3063601225871451 0.6691804782378794 0.022283200498852258 0.009961901399486982
4 0.2807091078924364 0.8478563629384236 0.05296915402313857 0.024585570574264467
9 0.3083751619458103 0.7819578682788993 0.020586793552639582 0.015352862988408728
9 0.3362894582883725 0.80611833471551 0.01779536391838347 0.011694804263288726
6 0.3408298570064885 0.7706998710762794 0.011246462369420698 0.0060557874296878825
6 0.4394526808614081 0.8115043435191776 0.013553429009301962 0.005190674939732753
6 0.26383902677748927 0.8673896459376155 0.014201398264278459 0.0057573236206535225
4 0.688668218879192 0.6571305283417637 0.10201545480440323 0.054119779741330094
4 0.6523005349537766 0.6836914498374261 0.048404744342523995 0.041093085613890995
9 0.651725392313343 0.6155434607219311 0.023643409002150263 0.010132889572350052
9 0.664602606144871 0.6239875353655561 0.02068798287688139 0.006755259714899892
6 0.6814907554321212 0.6037217562208561 0.013088315697618782 0.009288482107987548
9 0.7213890081232496 0.6991397996938187 0.01942137168033757 0.008444074643625038
6 0.6646026061448711 0.7096948929983506 0.013088315697618924 0.006755259714900177
4 0.17291295821378344 0.22359034540431716 0.06754455278458531 0.042342917775738655
4 0.6934818045447786 0.14226970462013683 0.11446544666363884 0.08730424161551018
4 0.652709285770559 0.1174872657303697 0.045908951896210796 0.04411462172574709
9 0.6724957851140766 0.17828016348376852 0.02094552715351119 0.010728196834725624
9 0.6627893213112298 0.18492142819097981 0.0168585950259973 0.008684730770968296
6 0.6599795554735636 0.09168828903205499 0.0143042624463007 0.010217330318786333
6 0.6924195792357102 0.19564962502570574 0.014815128962240038 0.009706463802847018
9 0.7179629050326759 0.0957752211595695 0.022988993217269355 0.012260796382543546
6 0.8053210792582982 0.17318374890342803 0.01583686199411858 0.010217330318786301
4 0.7064206988537539 0.4714372801252502 0.0520984416244815 0.035991185432763334
4 0.6039235659518587 0.46457440325721655 0.0687347675991086 0.022292357059170098
9 0.6731227576563661 0.498012938845972 0.026007749902365457 0.0148615713727816
9 0.7179396838274059 0.4982451508986705 0.023685629375368365 0.01346829905658197
