6 0.37845577026543387 0.34721713084715894 0.014581991694470702 0.01285051058022063
6 0.6557167607295034 0.3635036395337517 0.01618595288887434 0.01631348818394031
6 0.6818652564538776 0.2740793484209717 0.012327601918282482 0.01561519124886317
6 0.7782208827646193 0.30324957751381726 0.0055149123964098375 0.006893640495512654
6 0.7910233579705718 0.3667695506510412 0.004727067768351531 0.006302757024468804
6 0.3313404881711866 0.6219044153295424 0.020820569060124826 0.01786017320252128
6 0.38005771539801864 0.7497703761639491 0.016008102785304602 0.014901467605056382
10 0.5846726597412739 0.5762318614027611 0.03777657872805436 0.027106858018603845
6 0.6401840445134144 0.6229479358603547 0.010958091539435699 0.0126883165193464
10 0.5848168451562674 0.779389111127296 0.03748820789806905 0.026818487188617585
6 0.6824303711062385 0.7515613260337298 0.01124646236942084 0.009227866559524643
1 0.3700709327721139 0.3536315135084676 0.03469417055629947 0.021130345565650258
