3 0.33167553741159894 0.10877762211308234 0.014946012119216263 0.01773255675161261
6 0.27024489437922666 0.16387520916273576 0.013679400922672613 0.055477570408616596
6 0.30836989139519383 0.16742172051305831 0.013426078683363834 0.05395763697276408
6 0.28709082329326024 0.08686524841287585 0.023773992777878162 0.010331605067592342
6 0.3273690593433502 0.09332496551524848 0.02203903481986142 0.008106311657880028
1 0.3485885564162354 0.10204174205337406 0.03739421955075784 0.029594443282525463
1 0.2768384601805565 0.10250414317655705 0.03926894342186685 0.022134604494351715
1 0.31700547511374494 0.10688955512203943 0.02530050238027556 0.019561890811388805
1 0.331928859650912 0.16032869781241404 0.01342607868336395 0.09246261734769293
6 0.4349043499299194 0.30206249070566293 0.021674156861658106 0.013074893583058227
6 0.41463857078521704 0.28749646194540746 0.02127906810193527 0.010386211811660447
6 0.4123474766163124 0.37766125089693914 0.012506371529737804 0.05168086795413153
6 0.388594519840505 0.3681749790292412 0.012961186824174149 0.05183676754739352
6 0.40037274271885176 0.3565223968346175 0.0055115721817956854 0.013511586728857595
3 0.42375817140033023 0.32258159208966863 0.01418604540129003 0.018745845708847603
1 0.4492099253958777 0.31306367111704536 0.0535962258963346 0.03590569170936572
1 0.42846253084149966 0.37286418156243256 0.023215776224742156 0.0885910644073381
1 0.4070648587534387 0.31653404272912905 0.0382546406329088 0.030198044654993553
3 0.8411065606614986 0.7437645549391979 0.011906145247511261 0.014946012119216477
3 0.7566235938520299 0.7432579104605804 0.010639534050967682 0.01595930107645145
6 0.8159009978502777 0.8055751813305332 0.013679400922672613 0.05446428145138157
6 0.7748627950822601 0.8050685368519158 0.013172756444055125 0.055984214887234034
1 0.7566235938520299 0.7950623083992201 0.011146178529584888 0.09322258406562071
1 0.8412332217811528 0.7959489362368006 0.01114617852958517 0.09296926182631168
1 0.8188142036023285 0.7435112326998891 0.03825165813562151 0.015452656597833965
1 0.7791692731505087 0.7435112326998891 0.03698504693907779 0.015452656597833965
6 0.7739761672446795 0.5521262809021272 0.02406561273433155 0.025838868409492618
6 0.8233740039098869 0.5645390706282563 0.02254567929848026 0.026345512888110184
3 0.7568769160913387 0.60228408428526 0.012159467486820006 0.015199334358525078
3 0.8409798995418442 0.6024107454049143 0.011652823008202518 0.016465945555068872
