4 0.47179203491505456 0.2946852823172229 0.042610423553759914 0.05398296607154449
4 0.46438916156633764 0.3949147576712826 0.021017048465743406 0.06923263024009613
9 0.4983873282020997 0.28086636232040996 0.011126672717158392 0.02410779088717628
9 0.49684195699138306 0.32753657288404625 0.014217415138590714 0.02967112724575545
4 0.14133445848485732 0.30725827367187164 0.059622725133288694 0.09294926957047114
4 0.11725060140177561 0.34825722458643243 0.04532543131679738 0.04820658006389266
9 0.09561916369974632 0.2825830842909708 0.01471984622661922 0.023456015125344627
9 0.17780329863875616 0.32634049715401936 0.010893639055995745 0.022438789979602615
9 0.18611737844205767 0.33870643282096935 0.008021870911443862 0.02111018660906263
6 0.09217704803172909 0.34018414588360374 0.00844407464362508 0.012243908233256419
6 0.1956169624161358 0.30619674544301284 0.009288482107987524 0.013510519429800104
6 0.17205900660497198 0.19424942585515395 0.008824058002588207 0.018112540110575753
6 0.6037668215723072 0.3183939075440104 0.009890375748585215 0.013599266654304608
6 0.7085429896588811 0.3366292878304644 0.006799633327152321 0.016690009075737464
9 0.6992955161994007 0.2764846942544655 0.006037513370192045 0.021827932953770775
9 0.6233621749666024 0.3345377074293877 0.008359633897188985 0.020899084742972036
9 0.6163958133856119 0.34754158238057037 0.011146178529585167 0.023685629375368306
4 0.6568007105553577 0.31317419858101636 0.05573089264792533 0.09149154876367749
4 0.6834538436167844 0.34762385693167586 0.040134164498668384 0.048125707417685536
4 0.22247621195781606 0.8211561000645815 0.04302377579702551 0.058950110971584875
4 0.6356014685130654 0.8028106335125833 0.02039889998145682 0.06923263024009614
4 0.6428100558228078 0.7055797848788654 0.04190670991043639 0.05354645193543362
9 0.6703333526163163 0.750502842064064 0.011399500768893773 0.02237679780560626
9 0.6703333526163153 0.6930831344874138 0.012243908233256485 0.02237679780560633
9 0.7820062397782575 0.6920276251569609 0.015199334358524724 0.020265779144700583
9 0.8062463168647293 0.6634555982068258 0.011472775796792099 0.01745690307522904
6 0.7709766034359027 0.6584397480827726 0.0055828592685124075 0.01186357594558885
6 0.8686766406348704 0.7359019204333825 0.0055828592685124075 0.01395714817128109
4 0.8480560267613027 0.7199172779667975 0.035760780217619866 0.05058487296284994
