6 0.19327073552425664 0.30438184663536777 0.048513302034428774 0.0704225352112676
6 0.3129890453834113 0.27777777777777773 0.05007824726134609 0.05164319248826292
6 0.19451079939980154 0.38823601285096987 0.012615586366309868 0.011518578856195987
6 0.3003720241257931 0.4307450538678836 0.011518578856195987 0.013164090121366776
6 0.32340918183818523 0.4299222982352981 0.01042157134608214 0.011518578856195916
6 0.16626285601436852 0.5330410041860051 0.017552120161822473 0.02029463893710719
6 0.46382614313276493 0.5121978614938407 0.018100623916879357 0.02139164644722122
6 1.1572769953051643 0.8724569640062597 0.10485133020344278 0.02660406885759002
6 0.8536776212832551 0.32472613458528954 0.020344287949921807 0.04851330203442885
6 0.7934272300469485 0.3685446009389671 0.034428794992175396 0.06729264475743349
6 0.7926831419564071 0.4519565682178904 0.00657052648182713 0.015331228457596779
6 0.8467074708069865 0.4778736448962089 0.006570526481827444 0.013141052963654653
6 0.8591184652726602 0.47385832315731446 0.005110409485865403 0.010950877469711955
6 0.7784470012457816 0.5990633555610224 0.010220818971731375 0.02044163794346261
6 0.9306641980747788 0.5344531784897212 0.009490760473750299 0.02117169644144326
6 0.8533930857874519 0.4423815620998721 0.02432778489116514 0.016645326504481146
