6 0.6971830985915495 0.19561815336463223 0.07042253521126768 0.05007824726134587
6 0.7230046948356806 0.3114241001564945 0.05007824726134587 0.03755868544600936
6 0.467896066230709 0.16676028678074195 0.021117394569692607 0.015687207394628793
6 0.6123993805004629 0.19421289972134237 0.01206708261125307 0.009050311958439678
6 0.5701645913610777 0.30010154963508695 0.012067082611252857 0.008446957827877064
6 0.5701645913610777 0.3239340377923115 0.012067082611252857 0.00784360369731445
6 0.487505075473995 0.465118904343971 0.024134165222505857 0.01749726978631678
6 0.6318826055542079 0.7929962611996266 0.06703264390551013 0.027874960831994144
6 0.6760179602048657 0.8530601648971384 0.04778564714056159 0.01791961767771042
6 0.5485895678300347 0.7923325716560079 0.01460116995961627 0.006636895436189149
6 0.4009186443748268 0.7780632464682015 0.020574375852186366 0.008627964067045895
6 0.5227056756288971 0.8464232694609493 0.011946411785140398 0.005973205892570377
6 0.52701965766242 0.858701526017899 0.011282722241521484 0.006636895436189149
6 0.4646328405622423 0.9297163071851228 0.023229134026661883 0.009291653610664951
6 0.558258642765685 0.853393085787452 0.017925736235595336 0.02688860435339322
6 0.6037131882202305 0.3124199743918054 0.024327784891165223 0.0409731113956466
