0 0.5352258311962828 0.15540700431489018 0.22210087671426726 0.08552447929087884
1 0.6904574854407716 0.18767538284299587 0.0828696495670372 0.014624055805947675
1 0.69086370921316 0.13283517357069202 0.08368209711181207 0.02518587388802113
1 0.6892388141236103 0.0771825167536131 0.08530699220136186 0.016248950895497497
4 0.8586341272091661 0.13781515350611312 0.014624055805947523 0.049769889564811765
10 0.7909929555069658 0.14497984086944363 0.027877799202222095 0.04103361455609003
6 0.4544462832848309 0.10398988258823706 0.009841370227078667 0.013050512692431156
6 0.643409042957807 0.13988597573016012 0.007973221426582697 0.021356843106917153
1 0.7733005093546336 0.13283513907105418 0.0025014843194270386 0.0833828106475665
1 0.8070705476668979 0.13262668204443526 0.004169140532378362 0.0812982403813773
1 0.8387560157129715 0.13679582257681358 0.0041691405323805615 0.07379378742309632
1 0.7403642991488446 0.13116748285810287 0.003335312425902646 0.0833828106475665
1 0.7105820769213136 0.5038180657802189 0.08421663875404209 0.010422851330945795
1 0.7107905339479325 0.44294861400749524 0.08379972470080423 0.011256679437421457
1 0.7109989909745513 0.43502724699597645 0.08338281064756636 0.007087538905043151
11 0.8116837348314877 0.5223707411493024 0.025431757247507812 0.008338281064756724
1 0.762289343335903 0.5053525264816602 0.005456978730617834 0.010142716424534938
1 0.7947517448584165 0.5131833689541965 0.005350862734595409 0.010925299121054478
1 0.8289226938294841 0.5131833689541976 0.007374717542469113 0.009869646860319818
1 0.8606732005817668 0.5296993276235458 0.00455612652947575 0.008257979334674603
4 0.8803608423922785 0.5400623122719966 0.014649692768292255 0.010987269576219394
11 0.3540795422367546 0.7277648459173958 0.007796292795547433 0.04402612402191501
2 0.29514874081158704 0.6697512554093514 0.011006531005478753 0.009630714629793907
2 0.2859766316403547 0.7791286572762968 0.011006531005478808 0.011923741922602017
2 0.3295441502037082 0.7802751709227007 0.009172109171232328 0.010547925546917174
2 0.3290855447451466 0.6704391635971938 0.010089320088355542 0.012840952839725174
2 0.2910212916845325 0.7195099476632866 0.009172109171232328 0.010089320088355596
2 0.283224998888985 0.7302871759394847 0.008254898254109067 0.011465136464040331
0 0.5574668565896059 0.7466475350058073 0.22237801527615106 0.08849082281742766
6 0.47519632663196 0.696600555401179 0.010376865710873616 0.015011117064565182
6 0.6650428197402387 0.7320150923114269 0.007680697393724511 0.022402681242094324
10 0.8118579495029705 0.7364921973694301 0.02908764557021428 0.04222022211595435
4 0.8804067529682627 0.7280380339315958 0.017854320837384138 0.04917769072752751
