10 0.4164107404579719 0.22053686023910246 0.03984227132698874 0.026178588309536323
10 0.41602508096760826 0.4242163485567562 0.03768430006245878 0.027216438933998097
6 0.3601964882824841 0.3772854378308236 0.011165718537024886 0.012212504649870937
6 0.3176271863600768 0.24800735289433262 0.011165718537024851 0.010467861128460819
6 0.6684404328937168 0.37780453575079337 0.020469631428709077 0.019300372304961257
6 0.61996271817636 0.24997335405740312 0.01616657631966845 0.015872341937514987
6 0.31804930584700075 0.7260992988374417 0.011977171655108663 0.01584940325769992
6 0.3453478179276963 0.6365955379619003 0.008016319090496151 0.014516037271979688
6 0.20928705066197759 0.6334540075075171 0.00454980272703839 0.00433314545432232
6 0.22217815838858623 0.6965012738679058 0.006066403636051163 0.006499718181483303
6 0.6221274838225314 0.6533864765973998 0.015159817618512506 0.013376309663393045
1 0.632946245019823 0.6457842732655591 0.03698088136966966 0.026933810525157184
