6 0.07031599955183682 0.4645916894929947 0.008446957827877046 0.021720748700255258
6 0.22266291751890527 0.40123950578391676 0.011463728480690242 0.020514040439129945
6 0.14151178695822927 0.5264354878756663 0.006033541305626484 0.01267043674181599
6 0.15388054663476333 0.5228153630922902 0.005430187175063832 0.01146372848069035
6 0.20757906425483902 0.548759590706484 0.007843603697314414 0.013877145002940737
6 0.20757906425483902 0.6314191065935666 0.025944227614193842 0.0669723084924538
6 0.1475453282638556 0.6760673122552024 0.01810062391687943 0.048871684575574365
6 0.6874388481892049 0.7228164418684555 0.03559789370319594 0.04826833044501171
6 0.8059979348447652 0.6962688601236989 0.05188845522838768 0.06878237088414178
6 0.8056962577794837 0.6127043130407724 0.010257020219564766 0.012670436741815649
6 0.8334505477853653 0.4675976446404557 0.01629056152519155 0.021720748700255327
6 0.5350919302221364 0.4878100080143045 0.016893915655754058 0.02111739456969268
6 0.6767118383752673 0.5704270120499165 0.010426104434966698 0.013145957765827635
6 0.7002839005760623 0.5699737031614397 0.00951948665801325 0.010426104434966775
6 0.6882202304737516 0.6049935979513443 0.039692701664532565 0.026888604353393148
6 0.14724711907810498 0.559539052496799 0.025608194622279114 0.01792573623559548
