9 0.31624369582221845 0.32609937765808 0.0329102253034171 0.029170426973483394
9 0.2863253091827483 0.34666826847271565 0.03141430597144364 0.02094287064762909
9 0.2926829663436361 0.36859131083903135 0.02617858830953622 0.020116669452605724
9 0.31313772029012926 0.39894541088570507 0.03436738379955401 0.01532599547817979
9 0.3588834946719679 0.3016485608045352 0.0561953167533248 0.021363508848371307
9 0.3165831501561143 0.6906149990722912 0.04728681800430032 0.020265779144700104
9 0.2232761253440574 0.7146806118066225 0.033776298574500166 0.010132889572349882
6 0.5678454958377115 0.7984225532742542 0.024564580781454737 0.017271970861960285
6 0.551916900487237 0.8510061090095555 0.019574900310221716 0.01343375511485803
9 0.4724658345222194 0.8394914617682485 0.024948402356165002 0.018039614011380666
9 0.4511637371258017 0.8521575737336863 0.0237969376320342 0.018039614011380677
9 0.3803486565917643 0.8475517148371636 0.02264547290790354 0.021877829758483215
6 0.17668880611530813 0.9671473675908637 0.027712923715362776 0.017521403951539297
