9 0.684153719393113 0.6734259897999233 0.031673723988237944 0.026054192312905247
9 0.712506811027745 0.65350219567829 0.028097658376662338 0.019923794121633306
9 0.637161144565971 0.6999059083440727 0.06631530606221318 0.03134503049068272
9 0.7076535791263217 0.6310240689769603 0.025543325796965916 0.01992379412163338
9 0.6879852182626581 0.6008829445365406 0.034228056567934144 0.016858595025997403
9 0.6844298418570025 0.3091394069643812 0.0484772797271034 0.020662574251976568
9 0.7771314252940684 0.2855151244651361 0.03269545702011627 0.011239063350665006
6 0.43280739355096975 0.20147758259311865 0.023499859733208492 0.017880328057876073
6 0.4496659885769671 0.1486028981933995 0.018391194573815356 0.015325995478179503
9 0.5275731322577127 0.1595865282860948 0.024010726249147823 0.021967260185390566
9 0.547496926379346 0.14809203167746024 0.025032459281026504 0.022478126701329912
9 0.6208062714166378 0.15217896380497475 0.021456393669451405 0.020434660637572665
6 0.8241086585620937 0.032312307133161716 0.024725939371462714 0.016296641858464165
