7 0.2692538380181939 0.3258810482315785 0.16754842528659428 0.1333816875810927
6 0.5301037393467348 0.2575475728205754 0.020368632093664372 0.02299684268639524
6 0.5301037393467347 0.3925718920221249 0.019054526797298906 0.024968000630943336
8 0.5409451080417484 0.3587336806407113 0.06833347541100562 0.04008021153914581
2 0.5734692141267945 0.4441505249044686 0.011169895019106306 0.01774042150093351
2 0.5731406878027031 0.20531188729004896 0.013141052963654403 0.01839747414911624
1 0.573140687802703 0.27824473123833116 0.014455158260019942 0.13272463493290998
1 0.5734692141267945 0.40012799747622624 0.013798105611837102 0.05453536979916592
6 0.7484802462756535 0.09443425290921446 0.020237221564027835 0.026019284868035814
6 0.844607048704786 0.09551838977871593 0.01879170573802597 0.02529652695503481
6 0.6668086021065411 0.2617527097689447 0.020237221564027835 0.02529652695503483
6 0.6664472231500406 0.3961856815871298 0.01951446365102683 0.02529652695503472
6 0.749564383145155 0.5635041384468602 0.023851011129032856 0.02457376904203393
6 0.8460525645307879 0.5631427594903596 0.01879170573802597 0.02674204278103687
2 0.7972664054032208 0.32860781672153677 0.0990178340811363 0.23706459546432637
8 0.6574127492375255 0.3260781640260328 0.026019284868035744 0.09612680242913131
8 0.8200332796627521 0.5266434848838094 0.03180134817204376 0.07805785460410747
8 0.8200332796627521 0.11394871656024133 0.03180134817204376 0.10696817112414722
6 0.31548382902493427 0.705164689395055 0.019514463651026867 0.026019284868035727
6 0.21935702659580195 0.7048033104385547 0.019514463651026867 0.023851011129032856
8 0.26633629094086664 0.6903481521785347 0.07299854921310046 0.03396962191104677
1 0.2681431857233691 0.7647922172176372 0.23706459546432626 0.018068947825024963
2 0.14744261425220295 0.7644308382611368 0.014455158260019925 0.017346189912023958
2 0.3884823782380347 0.7644308382611368 0.015177916173020875 0.01590067408602195
