6 0.8367447096217999 0.27036642993348836 0.05433762033172712 0.011703487456064287
6 0.832982874368065 0.30798478247083794 0.05517358372144599 0.012260796382543546
6 0.913514014244317 0.2866677160330065 0.006130398191271809 0.021456393669451294
6 0.9071049615898056 0.3270726132027524 0.007245016044230397 0.02368562937536829
1 0.8393919270225763 0.33222772077268553 0.09362789964851459 0.015047341014939803
3 0.8923362750381054 0.331113102919727 0.017833885647336276 0.015047341014939803
1 0.8978676472326125 0.27673998015212087 0.021884653657176047 0.038332592419176734
1 0.8935393429858156 0.31742373168380433 0.020324116354655076 0.028405230182871576
1 0.8979969281553928 0.34783199376749363 0.028702990849246247 0.03760773022088031
6 0.622153752272511 0.4123562876415347 0.051800632130323834 0.012790991928098095
6 0.6321549896150548 0.38853255937860676 0.051416294778182985 0.0125768074009153
6 0.6439158210599782 0.4002194098031546 0.015559567770506605 0.004670305318283425
6 0.6979747869284679 0.43407592708676923 0.017194883671168382 0.022721889270019772
6 0.7059360551151914 0.42545671728650514 0.008107215516240558 0.010537652102886597
6 0.712435405667198 0.4137146113784945 0.020265404784233852 0.0232403102675309
3 0.6779116655752125 0.42376571194690293 0.019227157963534153 0.014211377625220933
1 0.6270232437823683 0.42833632478906586 0.08855721781045432 0.023512802287509373
1 0.6842903085939461 0.4065282014637724 0.031191080139803942 0.03849730207935224
1 0.686943207007403 0.4487528092787225 0.035520348096182486 0.05321793313840189
3 0.25691941510693583 0.756618468286637 0.015047341014939875 0.011703487456064324
3 0.25650143341207643 0.841050770648244 0.015883304404658745 0.011703487456064324
6 0.19505812426773872 0.7747310083972127 0.054616274794966876 0.014490032088460367
6 0.19477946980449912 0.8166685051147766 0.054058965868487616 0.01365406869874164
1 0.25691941510693583 0.7794681342722865 0.015047341014939875 0.03733969807411
1 0.25664076064369623 0.8182011046625945 0.01504734101493984 0.03845431592706859
1 0.2043930487862662 0.8414687523431033 0.09390655411175419 0.012539450845783194
1 0.20453237601788604 0.7566184682866368 0.09362789964851459 0.011146178529585262
6 0.4476583951944603 0.7742898847759023 0.02647217400776448 0.022849665985649494
6 0.4356762532751564 0.8231937430744568 0.027029482934243773 0.02312832044888907
3 0.3981972279694267 0.7565953263601861 0.015604649941419168 0.010310215139866302
3 0.39805790073780684 0.8404703197953137 0.015883304404658814 0.01198214191930404
