4 0.3170847968660908 0.652133473122148 0.04070454687141474 0.05096558835270201
4 0.34354113288831384 0.6866808422545414 0.06168644283170089 0.0999182322460095
9 0.3763030025555018 0.6647365710623713 0.005563336358579179 0.019162603012883892
9 0.3849570813355136 0.6514463786502099 0.011744821201444822 0.027198533308609007
6 0.39674330936127494 0.6818591363830859 0.009106599967033292 0.014834086682649269
6 0.3963928282948153 0.5717052241772421 0.008654078780012 0.013599266654304713
4 0.529708190674985 0.7049387636974551 0.0382168067702753 0.05485315768440728
4 0.5360515423531595 0.6084082461021574 0.03150565538053826 0.06488330497758348
9 0.5047670139072656 0.672177273232751 0.0069785740856406165 0.022680365778331577
9 0.5024989773294325 0.7161422899722865 0.012910362058435041 0.02268036577833186
4 0.8525119861733031 0.6945939337613066 0.11688619423863245 0.12308896470747378
9 0.8143700101687423 0.6627785802488723 0.008159559992582643 0.024478679977748215
9 0.8238894968267556 0.6722980669068852 0.010879413323443556 0.02175882664688706
4 0.8838167810318425 0.6497648061481024 0.04634580909435414 0.04415212543579685
6 0.8058704685098018 0.6930369485546999 0.010199449990728481 0.011559376656158946
9 0.9043286342877286 0.7175176540346159 0.010217330318786261 0.019041388321374447
6 0.9081001859082104 0.6592642966674156 0.008696586560901694 0.013037302897793987
6 0.8288519124038148 0.8048576908885164 0.008939495729540056 0.01586039564918332
4 0.36256168146327533 0.19837571697460074 0.03568258535782263 0.07082850307730033
4 0.35688081011931305 0.29629338611371664 0.037053220918163564 0.05150598797938805
9 0.21793430123997568 0.3077220086647857 0.01629056152519144 0.019746135182050324
9 0.19325163226241282 0.33586025129920727 0.01234133448878147 0.018758828422947717
9 0.3309809251572135 0.24873042980841048 0.00937941421147393 0.02122709532070406
9 0.3302404450878866 0.3067347019056832 0.0108603743501277 0.019746135182050324
4 0.1532769428492409 0.28122961419031073 0.030594901842220315 0.055906343527879654
