4 0.8928832603423683 0.06950659789297978 0.05443287786799615 0.007955574457630208
4 0.9185295201070971 0.059980844266080434 0.036637513949612954 0.008164931680199423
4 0.8758206467029771 0.07756685096189461 0.05547966398084242 0.006908788344784122
8 0.8690311331804946 0.1003358723072256 0.0418310622281895 0.016845365246930546
8 0.8692258941920469 0.09494350043513954 0.0008374288902768967 0.00020935722256920641
8 0.8427473432031763 0.10881336353273553 0.04160278791585796 0.015382817266032802
8 0.8200415430992979 0.11729380733533214 0.04183106222818935 0.016845365246930546
6 0.9109926600946053 0.04804748257963512 0.007327502789922562 0.003977787228815108
6 0.9334985615207961 0.0530720559212963 0.008374288902768683 0.0031403583385382562
6 0.7889373993367523 0.1048879685071773 0.016120506137829692 0.004187144451384323
6 0.8295527005151803 0.06741302566728762 0.0077462172350611525 0.004187144451384323
6 0.8436843130386024 0.06511009621902625 0.00669943112221489 0.0037684300062458933
6 0.8688071797469084 0.06322588121590328 0.005024573341661238 0.0029310011159690143
6 0.8026502974150361 0.07850895846345607 0.007118145567353338 0.004187144451384323
6 0.6930629679564704 0.10638755756221312 0.01138238634844214 0.006217658595654072
6 0.6788266768217638 0.11078405923616666 0.01138238634844214 0.006217658595654072
6 0.21103208034976992 0.2497631665250749 0.016329863360398846 0.004605858896522719
6 0.25562516875701297 0.24327309262542926 0.017167292250675707 0.005443287786799651
8 0.13252312188631382 0.1809893189110874 0.025541581153444372 0.007327502789922562
8 0.32010719330833154 0.23437541066623752 0.015911148915260468 0.009421075015614698
8 0.31843233552777783 0.24609941513011363 0.018004721140952605 0.009002360570476285
8 0.32021187191961614 0.25761406237142054 0.013189505021860625 0.010677218351030042
6 0.5228696633666174 0.18632792808660242 0.009002360570476285 0.002931001115969032
6 0.4976421180470269 0.1885261789235792 0.007955574457630234 0.002721643893399808
6 0.5440147428461083 0.16392670527169628 0.004396501673953565 0.0020935722256921353
6 0.5374252167333171 0.41787701624815554 0.005233930564230533 0.002093572225692171
6 0.4968099155548892 0.4274027698750548 0.004396501673953494 0.0035590727836767398
6 0.5036140252883886 0.4263559837622088 0.003768430006245822 0.002302929448261324
6 0.4832016960878901 0.4331600934957083 0.003977787228815117 0.002512286670830548
6 0.47398997829484457 0.4368238448906696 0.004815216119092085 0.0018842150031229466
6 0.5442293264668165 0.42311094681238587 0.005024573341661167 0.0016748577805537224
4 0.5283181775515562 0.4280308415427625 0.027216438933998006 0.003977787228815117
4 0.5194204955923645 0.43242734321671605 0.027425796156567372 0.0031403583385382207
4 0.5410889681282783 0.42373901848009354 0.01758600669581412 0.0041871444513842705
6 0.5486258281407702 0.42017994569641687 0.00460585889652279 0.0016748577805536513
6 0.5377392525671708 0.48623214941700454 0.009630432238183956 0.003977787228815046
6 0.5154427083635493 0.5155421605766949 0.01402693391213745 0.004815216119091943
6 0.5051842044576577 0.5057023711159416 0.014026933912137522 0.004815216119092085
6 0.4914713063793741 0.49188479442637345 0.014655005579845053 0.003977787228815046
6 0.5026719177868272 0.48727893552985063 0.014445648357275829 0.003977787228815188
6 0.47890987302522103 0.508528693620626 0.004187144451384342 0.003768430006245822
6 0.24620932013953734 0.51815912585881 0.019470221698937102 0.004605858896522648
6 0.22286598982306977 0.5175310541911025 0.019260864476367878 0.004605858896522648
6 0.19816183755990222 0.5164842680782563 0.019260864476367913 0.004187144451384342
6 0.23124027872583838 0.5296737731001169 0.020098293366644773 0.004187144451384342
6 0.30231705578808726 0.48958186497811196 0.011933361686445315 0.0031403583385382207
6 0.3026310916219411 0.49942165443886516 0.010467861128460747 0.003559072783676669
6 0.2930006593837572 0.5086333722319106 0.010886575573599231 0.0027216438933997723
6 0.3031544846783642 0.4836151841348893 0.010677218351030042 0.002512286670830548
6 0.26400468405792077 0.4777531819029513 0.010677218351030042 0.003349715561107445
6 0.25677663348114366 0.6940191928169516 0.018214078363521756 0.005024573341661096
6 0.21239290229646982 0.700613945327882 0.016539220582968105 0.003977787228814975
8 0.3210493008098931 0.68512151085776 0.016957935028106517 0.00983978946075311
8 0.31916508580677005 0.6967408367103514 0.01779536391838345 0.00963043223818417
8 0.32146801525503144 0.7087788770080814 0.013608219466999109 0.011095932796168455
8 0.13534944439099802 0.6325728479928867 0.0249135094857367 0.0060713594545072054
8 0.5593142402685854 0.5926852734876538 0.021142016047595292 0.009878556723408849
8 0.5455811459333575 0.5967458014251029 0.02089226631113604 0.008456931970726913
8 0.5339820163377105 0.6008502051678533 0.021142016047595292 0.009878556723408849
6 0.561182035096784 0.6232564515885566 0.010258503905891558 0.0029310011159691383
6 0.5570995692566842 0.6303745971559099 0.01088657557359916 0.003768430006245964
6 0.561182035096784 0.6369693496668403 0.013608219466999003 0.003977787228815117
6 0.531243952269386 0.6231517729772719 0.010677218351030077 0.0027216438933998434
6 0.5586749748240926 0.9080921792921143 0.014236291134706676 0.004605858896522648
6 0.5696662290089766 0.9177226115302984 0.013189505021860696 0.005024573341661096
6 0.5451714339683781 0.8940652453799768 0.0144456483572759 0.00460585889652279
6 0.555848652319408 0.8892500292608849 0.014864362802414276 0.003768430006245751
6 0.5618153331626308 0.8739669520133322 0.010886575573599231 0.0029310011159691383
6 0.591962773212598 0.874280987847186 0.01088657557359916 0.003977787228815259
6 0.5876709501499289 0.8808757403581162 0.011514647241306903 0.003349715561107445
6 0.5757375884634837 0.951219767141373 0.009421075015614733 0.0029310011159689965
8 0.5757375884634854 0.9590706629877205 0.024076080595459876 0.01193336168644893
8 0.14208550549473764 0.8826657446110829 0.02625339571017969 0.007599667179262468
8 0.3296591090556269 0.9358634148659207 0.016350799082655812 0.010363182517176312
8 0.32781676549701777 0.9473780621072276 0.01727197086196032 0.01036318251717617
8 0.3301196949452791 0.9591230022933607 0.014047869634394345 0.010363182517176312
6 0.23270577928382288 0.9198580552005043 0.01865372853091717 0.005527030675827263
6 0.2565410990733281 0.9203186410901566 0.020265779144700177 0.004145273006870553
6 0.24076603235273766 0.9317181418590502 0.019574900310221716 0.003914980062044577
6 0.2214214249873421 0.9509476027520327 0.016350799082655777 0.004145273006870411
6 0.20725840888053465 0.9188217369487865 0.01934460736539563 0.0048361518413489075
6 0.20472518648744711 0.9101857515178063 0.014738748468872843 0.003684687117218175
6 0.22982711747349613 0.9101857515178063 0.01427816257922057 0.003224101227565939
6 0.2658679633387867 0.9447296932417271 0.019114314420569444 0.003684687117218033
6 0.27496453465941917 0.9389723696210736 0.011054061351654631 0.003224101227565939
6 0.20829472713225225 0.9386269302038344 0.010363182517176241 0.0034543941723920567
6 0.3121568452488404 0.8915320229868893 0.00990259662752397 0.003224101227565939
6 0.3023693950937295 0.911106923297111 0.010593475462002323 0.003224101227565939
