1 0.2406452402656453 0.21051224337851282 0.038651720215847334 0.0554114547108761
1 0.253209797205238 0.238658484518666 0.03826264926657117 0.033200955444094474
1 0.28344805101045795 0.4141205466653912 0.035827949099481345 0.017082830104548065
1 0.29987845190589013 0.4362817983691314 0.045190999423217165 0.04407723503352514
1 0.20263501033929748 0.2835037632731156 0.061555164437192646 0.029367249471836915
1 0.24768891382566507 0.41401538323036347 0.04198498562359802 0.03260794222703666
1 0.2027766114731924 0.3320836066415528 0.06877655252207013 0.1080835528468052
1 0.22431049672610498 0.39592614095858997 0.04259913492760461 0.024649586261135427
1 0.2645971518389089 0.39470533322789897 0.03694865113109145 0.01838306616170257
1 0.21607004454394094 0.38890649650711706 0.031130597132621035 0.010987269576219205
1 0.2195301533279617 0.25347856277313974 0.07327208626100884 0.05029587035287591
1 0.3008269689543387 0.19746506267736919 0.09821418759170722 0.09125902066331575
1 0.1732628597220208 0.7542776029247942 0.022196504194382207 0.03884388234016882
1 0.19046515047266696 0.748173564271339 0.01553755293606752 0.05327161006651721
1 0.15883513199567253 0.6383008685091471 0.029965280662416216 0.09988426887471992
1 0.15689293787866393 0.6973990609266898 0.031630018476994655 0.012762989911769723
1 0.16060537681471262 0.712626743535705 0.03551136561204316 0.024912652554677804
1 0.1701029976548755 0.72794317321666 0.03150142942293975 0.022779257582750175
1 0.17843147125938472 0.5723656385624548 0.044974261859141794 0.03708007833344609
