4 0.7050909673677644 0.3572134336660028 0.050717686355689864 0.042261547454469195
4 0.8056260492274561 0.36475000016026177 0.06773139205567617 0.027218789974528902
9 0.6941235204801802 0.3293383399772417 0.020265779144700246 0.012666111965437495
9 0.7511210243246493 0.3306049511737855 0.020265779144700104 0.010977297036712486
4 0.2956970635479494 0.528696384355517 0.05051927710120108 0.03855564036639322
4 0.39453834035208113 0.5362133708358161 0.06561898728208007 0.030127416325885007
9 0.28184729764483896 0.5023029294482613 0.02533222393087513 0.010747004091886368
9 0.32771397582271133 0.503460656109217 0.02111018660906261 0.009595539367755706
4 0.3035390897822678 0.8567598504669915 0.10168889822864007 0.08855092671035691
4 0.34761141387334005 0.8826429440355228 0.0466468296116652 0.04254332103548734
6 0.33951119250731965 0.9079237758315668 0.011130825666596778 0.007292609919494311
6 0.1951942804162732 0.8278969775044837 0.01496904141369896 0.009979360942466115
6 0.41800270453556154 0.8000873597732064 0.015352862988409228 0.010467861128460782
9 0.3274244527010212 0.8225157317458206 0.020972423998919753 0.01048621199945984
9 0.3383873107004565 0.8139361037462627 0.02240236199884599 0.006196397999680841
9 0.2822014718383508 0.9028389240466831 0.02220455390885629 0.0129766873493314
4 0.8225849517643207 0.7759609213984607 0.06008834218019103 0.04362126850075469
4 0.3134130605431301 0.3481895905445685 0.11493967381513379 0.09731632390094556
6 0.4282126520349208 0.3960689308520191 0.012362969685731428 0.006181484842865785
4 0.3491344526671421 0.3156008118154288 0.050996425589701175 0.04093489745545984
6 0.31941851880048416 0.3966870793363057 0.012362969685731428 0.008654078780012
9 0.34824160762978024 0.3843649789718494 0.024521592765087162 0.009706463802846984
9 0.3362362445052065 0.3759356814588507 0.02094552715351212 0.00817386425502918
9 0.27850832820406374 0.3000720038418623 0.021967260185390566 0.007662997739089726
6 0.33619958954482165 0.2907591490638806 0.011130825666596565 0.0049896804712329865
6 0.6586474267838096 0.22966742519251465 0.011555310345717757 0.006959051175707326
6 0.5616521493265698 0.18944916108900756 0.013259290762717051 0.005931787972794431
6 0.7366398945240067 0.1317014605303321 0.01291036205843497 0.006978574085640527
9 0.6926748777844712 0.21875917224869781 0.0177953639183832 0.014306076875563073
9 0.6647605814419089 0.1936363055403919 0.017795363918383367 0.010816789832742821
4 0.7202269248868569 0.1518671394093559 0.05220830367915994 0.030021942795628895
