6 0.8142182828135092 0.2466153167592583 0.01774406851397643 0.01805283599270485
6 0.9141391755325953 0.20625584026702096 0.012981118170017965 0.006305114539723036
6 0.9234114027968937 0.2153426229860336 0.010755783626586463 0.0066760036302949645
10 0.29976139700017124 0.37760660011125874 0.024478679977748285 0.018173565438025178
10 0.2999468415454572 0.44325396914249265 0.023366012706032464 0.017431787256881322
10 0.124701746250214 0.4098739509910178 0.024478679977748267 0.018173565438025178
6 0.13100686078993706 0.4271202937026132 0.01409378544173384 0.011868450898302215
6 0.29364172700573415 0.40152894645314907 0.012239339988874179 0.010384894536014287
6 0.29827784063788343 0.4230405137063218 0.011126672717158287 0.0096431163548705
10 0.1213637444350665 0.6550316398590723 0.02373690179660439 0.018173565438025178
10 0.2962379506397378 0.6872989907388313 0.023366012706032394 0.01743178725688125
10 0.29586706154916576 0.6222079553434554 0.024107790887176357 0.017802676347453358
6 0.2865948342848672 0.6422359662343402 0.011497561807730214 0.011126672717158358
6 0.2910455033717306 0.662820310761083 0.012981118170018 0.010755783626586605
6 0.12766885897478952 0.6368580744210471 0.014093785441733857 0.010755783626586392
6 0.1744008843868544 0.8657381492129566 0.011126672717158287 0.0155773418040215
11 0.12032289287703961 0.8783932063922893 0.024921886097382693 0.006005273758405565
11 0.29552675477851914 0.8783932063922893 0.02702373191282465 0.006605801134246008
11 0.6196614058884541 0.8786934700802095 0.024321358721542126 0.00540474638256498
11 0.6659020138281762 0.8786934700802095 0.025522413473223225 0.006005273758405565
