1 0.28593432764766674 0.7934194676855992 0.03872955843313004 0.0686331373904676
1 0.21096533508373433 0.7593807102749938 0.05387633639374247 0.04053290468712987
1 0.4149996653905761 0.7192415639602501 0.020999076394644902 0.04071230281735041
1 0.41517101885578234 0.7548406470306055 0.029917816092311682 0.0365318988984157
1 0.43621267279005854 0.7015782504620083 0.048776694866632365 0.04455027691209949
1 0.23958792866132478 0.7459753163064162 0.03562406333288955 0.04030184755437943
1 0.20499781765820735 0.7015404923872265 0.08988078726309028 0.09472756388378287
1 0.2585892738645537 0.7885545545269682 0.037886278262671456 0.06340481053529061
1 0.33619864940368516 0.804138522086118 0.09906723149791688 0.07203426824011246
1 0.3935232815467127 0.7776511267307513 0.022035031866122667 0.04179799659141395
1 0.38094750323608445 0.7769013898249181 0.004994213443736015 0.026635805033258464
1 0.3762307460947785 0.7752366520103392 0.013218336108672447 0.02745346730262753
1 0.4075792538186483 0.7711496955632069 0.025587215700125513 0.035480195526727126
1 0.4362541897869483 0.7352257860805502 0.041591495804125314 0.036139831634469884
1 0.5668432258640356 0.6265438169295195 0.022751416799241638 0.14538710247320327
1 0.5660108569567459 0.7172720278240569 0.014427727726348469 0.033849668896432906
1 0.5687854199810439 0.7680465311687064 0.014427727726348405 0.06880916300258522
1 0.5725436309256204 0.8190231644174706 0.027318308176028268 0.03725951447802316
1 0.6350974762617606 0.8407400824053077 0.09489005543098393 0.031075105872135113
1 0.6878141737234202 0.8421273639174565 0.015410634389155575 0.03286133927846919
1 0.6986349695181798 0.8429597328247458 0.014427727726348403 0.029965280662416088
1 0.7122303283372396 0.8412949950101664 0.026436137164932063 0.031297590273386786
1 0.7272850466098665 0.8318359762252069 0.026998483060664852 0.0349144750984766
1 0.7547697065944532 0.8230160180527792 0.03949074802472154 0.02278860095404525
1 0.7491320165603991 0.8071678698113047 0.04883230922764084 0.013872815121488921
