6 0.09527263398649477 0.15603293867634474 0.027596211223674345 0.018397474149116258
6 0.09494410766240341 0.2503199936905654 0.02693915857549161 0.01905452679729894
6 0.2621640066249063 0.3331086273615885 0.027596211223674345 0.019054526797298976
6 0.39587422053009036 0.33212304838931445 0.028253263871857046 0.021025684741847142
6 0.5627655931685018 0.24999146736647412 0.025625053279126106 0.021025684741847107
6 0.5630941194925932 0.15504735970407066 0.027596211223674273 0.02036863209366441
6 0.3929174836132681 0.4697755781835947 0.026282105927308876 0.021682737390029915
6 0.25690758543944453 0.4697755781835948 0.026282105927308876 0.020368632093664445
7 0.33016895571181815 0.20399778199368349 0.2385101112903283 0.09987200252377383
8 0.5433825400471116 0.18001536033501417 0.10907073959833198 0.036137895650049746
8 0.11564126608015918 0.18001536033501417 0.11169895019106285 0.03350968505731888
8 0.3603933775282233 0.45860568316448846 0.03876610624278065 0.07030463335555133
8 0.32918337673954384 0.3413217854638724 0.0985578972274083 0.02102568474184681
2 0.20664305785346626 0.4277242086999006 0.01905452679729894 0.011169895019106306
2 0.44646727444015993 0.4270671560517178 0.01774042150093351 0.012484000315471705
7 0.3258981134986304 0.7322510458655404 0.13403874022927542 0.1649202146938633
6 0.7045449967649157 0.7797321088709193 0.025669975736665407 0.017771521663845248
6 0.7042981700751401 0.6844570066175266 0.025176322357114173 0.018758828422947717
8 0.6892417419988267 0.7325882111237744 0.034555736568588034 0.07059243327582962
2 0.7655111891394958 0.8513118489058513 0.01727786828429416 0.011847681109230023
2 0.7650175357599446 0.6113963064439407 0.01629056152519155 0.015796908145640318
