6 0.5645711048524976 0.1765758037637518 0.026005132765102062 0.02600513276510217
6 0.5523885201337109 0.22589184382730138 0.026473693715824708 0.02342804753612807
3 0.6042816454262346 0.2447514220938845 0.019679559930347635 0.014759669947760692
3 0.604515925901596 0.15771622549716866 0.018273877078179908 0.014056828521676864
3 0.743561388028516 0.15947332906237827 0.016165352799928458 0.012885426144870421
3 0.7436785282661966 0.24322859900403618 0.014056828521676864 0.012182584718786629
6 0.8056457139992554 0.18325279731154828 0.05411878980845586 0.014525389472399404
6 0.8052942932862135 0.22483758168817564 0.05341594838237214 0.012885426144870493
1 0.7956887937964009 0.15888762787397506 0.0932436291937897 0.011714023768064052
1 0.7958059340340816 0.2436971599547587 0.09347790966915098 0.011714023768064089
1 0.7436785282661966 0.1816128339840193 0.015931072324567027 0.03842199795925004
1 0.7436785282661966 0.22097195384471446 0.01546251137384445 0.037484876057804935
6 0.3034365710359827 0.5658084311179021 0.01728854218936391 0.021503206317286895
6 0.2875530744263441 0.5858637942199081 0.011245462817342572 0.021319523257878753
6 0.3782091801521568 0.5883364970588673 0.05207972799684071 0.013054717473899871
6 0.3688567781778178 0.6115026786821103 0.05194543043378218 0.012501144826578355
6 0.35643153418256135 0.5999206227415862 0.013588267570954216 0.003514207130419322
6 0.2943650418216521 0.5746080213468756 0.007470698749727234 0.009760384835190905
3 0.3226951457305368 0.5767268556808193 0.02155380373323787 0.013353987095592691
1 0.3732205534806845 0.5721375400047994 0.09008810094178799 0.022433387940139795
1 0.3136691734749023 0.5509787046433777 0.03583577535838572 0.05315704803725154
1 0.3172379973079179 0.5934018154627244 0.03084312486204439 0.03799979405563448
6 0.16420440414863047 0.729360585378694 0.0527131069562882 0.012651145669509135
6 0.16807003199209147 0.6914071483701639 0.05341594838237228 0.012651145669509343
6 0.09380312130256556 0.6728989908166253 0.007028414260838432 0.02202236468396052
6 0.08712612775476906 0.7136637935294882 0.006325572834754585 0.02295948658540567
1 0.16010449582980804 0.6673933996456349 0.09277506824306724 0.015228230898483304
3 0.10762566934888113 0.6684476617847608 0.017805316127457366 0.01311970662023171
1 0.10214640881538703 0.6517870027409046 0.02997267739300261 0.03920912793450327
1 0.10275494242217098 0.7229196881891621 0.022220963458491845 0.038583115653497944
1 0.10694339331532605 0.6830823212204115 0.020252616372206447 0.026325232834176406
