0 0.15469066272259493 0.46326582666570315 0.07976115541117386 0.22452172225405634
1 0.13306804264532127 0.3094747597301734 0.025636962344511505 0.08301492568698929
1 0.07843689669689806 0.31008516359551874 0.012818481172255772 0.08545654114837141
1 0.18739398666107168 0.3091695577975007 0.013428885037601248 0.08362532955233493
6 0.13967622686684306 0.356313764968007 0.021438478643040524 0.008322362528178522
10 0.14508609052676555 0.20914272516227644 0.039189921004356254 0.028767069673410455
4 0.13674780946200904 0.14097727745789077 0.04669437396263723 0.01751039023598894
6 0.1044209456759218 0.5461529620602195 0.013512654441279782 0.010145474621197898
1 0.44169410456172875 0.28883078278372076 0.01947188330452176 0.08393053148500766
1 0.5044741421125145 0.28849506065778063 0.012085996533840945 0.08191619872936746
4 0.5393997150142109 0.11930621004480431 0.009988426887471974 0.014427727726348413
11 0.5224748805659943 0.18728300414009985 0.01054333949233151 0.02830054284783726
0 0.7454565305988783 0.4426601705542421 0.0873314395998807 0.223278173851872
6 0.7318923102242911 0.3350648894485208 0.022157660312041808 0.008863064124816786
10 0.7373608478286806 0.18857946359049907 0.04187067836667548 0.03077242626948453
4 0.7283561296498238 0.11986112264966386 0.046612658808202555 0.017757203355505756
6 0.6961625258870349 0.5242260728820989 0.015260096633637787 0.014039288902946763
1 0.7248757177921448 0.28804958405654646 0.022896248989109923 0.08419910918575974
1 0.6705894500276418 0.28841887839508057 0.01181741883308897 0.08198334315455554
1 0.7784233968795797 0.2887881727336145 0.011817418833088783 0.08124475447748743
1 0.7293072498545531 0.13922396562733078 0.07312027902973874 0.005170120739476472
1 0.7256143064692128 0.17061398440272366 0.08198334315455541 0.007385886770680689
1 0.7237678347765426 0.20643553524052496 0.08419910918575971 0.0036929433853403444
1 0.7226599517609406 0.23745625967738382 0.08346052050869168 0.0036929433853403444
1 0.13663890525759256 0.16073912764919146 0.07533604506094295 0.0036929433853403444
1 0.13294596187225222 0.19286773510165237 0.08124475447748747 0.005908709416544538
1 0.1325766675337182 0.2261042255697155 0.0849376978628278 0.0029543547082722947
1 0.13146878451811606 0.2582328330221764 0.08419910918575974 0.0036929433853403167
1 0.5301326745130561 0.13985278116550726 0.009156057980182672 0.006714442518800625
1 0.5142621740140728 0.16976257056743724 0.010376865710873803 0.007935250249491647
1 0.5142621740140728 0.20486079282480416 0.007935250249491755 0.004883230922764091
1 0.506326923764581 0.2372121976881162 0.009156057980182777 0.006104038653455078
11 0.7280650779885751 0.6449707387587038 0.03967625124745813 0.007935250249491647
2 0.6700767107807516 0.669692095305197 0.011597673441564715 0.010987269576219096
2 0.7805598104082888 0.669692095305197 0.009156057980182562 0.012208077306910228
2 0.6688559030500604 0.7060111252932549 0.012818481172255737 0.010376865710873696
2 0.7799494065429434 0.7139463755427465 0.014039288902946763 0.006714442518800625
2 0.7192142219410651 0.7090631446199823 0.010987269576219205 0.011597673441564715
2 0.7311170973153018 0.717608798734819 0.010376865710874658 0.010376865710874497
