6 0.20143188709325194 0.5661944304398273 0.017203072317695314 0.026178588309536364
6 0.14832675080819255 0.5504872774541056 0.01421123365374827 0.021690830313615878
6 0.03328420513641047 0.1765074444607295 0.015707152985721794 0.0231867496455893
9 0.31040326138450214 0.3141320230022919 0.019446951315655454 0.04712145895716549
9 0.28534661257394595 0.2225069639189148 0.009723475657827798 0.034406144635390594
9 0.14772203403238357 0.4521305813768477 0.015707152985721784 0.023934709311576086
9 0.16006336852116493 0.47082957302651635 0.017951031983682048 0.02692654797552315
9 0.15258377186129746 0.3792045139431393 0.019446951315655544 0.021690830313615878
9 0.5998636521213752 0.3133840633363052 0.014959193319734965 0.03365818496940385
9 0.6320259177588057 0.29019731369071583 0.0179510319836821 0.02767450764150979
9 0.6544647077384081 0.2875794548597622 0.02094287064762909 0.026926547975523116
9 0.673163699388077 0.3163759020002521 0.025430628643549308 0.027674507641509985
9 0.6993422876976133 0.3567657239635368 0.022438789979602608 0.062080652276900426
