1 0.7979293621803003 0.7157103509177156 0.06230184038941758 0.02473528922660506
1 0.6971713053606742 0.5664121872922432 0.03862254620091335 0.04153719716310228
1 0.7156832089259116 0.5841573286395496 0.03575666585378684 0.01853754988081434
1 0.7527458545573036 0.5855580723629842 0.037185208278345955 0.02627727183178834
1 0.7474464423581114 0.7601404640982584 0.044758435531917086 0.03898288802012843
1 0.7592001136166435 0.7873369011457234 0.03763581439935422 0.051904890102033224
1 0.736737489480648 0.6040059509769026 0.046951008605834094 0.021515762027191555
1 0.7772950849981961 0.6066397466928464 0.04137385520672865 0.019716136053075105
1 0.7397642855071572 0.614851970071885 0.0393483483445867 0.007062524061848876
1 0.7788604008495345 0.6156086690785115 0.03985281434900479 0.006558058057431068
1 0.8034124755244886 0.6600671391246127 0.07899041127899097 0.10316067124371188
1 0.789119016919377 0.741383246330979 0.05640702782526603 0.03470071583484725
1 0.6965723300676194 0.7997473621448923 0.0978660767513776 0.09526819853727546
1 0.7692747982997148 0.5932707048324446 0.03727889633564246 0.030587384192956507
1 0.7380768178511236 0.5648475456452088 0.03552718747468873 0.04383754477935909
1 0.628529531533037 0.43223527647265036 0.14478174326790097 0.024214368212053222
1 0.7198378783326546 0.4332442084814859 0.035817086313662344 0.017151844150205185
1 0.7715456437854775 0.43374867448590293 0.06255378454780428 0.011098252097191121
1 0.8404390807110275 0.36558215032491503 0.03483317672532451 0.09855025863576557
1 0.8217400112250453 0.42618168441963666 0.03696272079835211 0.032914571090022375
1 0.827036904271433 0.24583508784028094 0.0221965041943821 0.03884388234016882
1 0.8305414035086727 0.27231336288175767 0.037003637984140025 0.03409151334910277
1 0.8434320494150102 0.3005696493196097 0.029763494260648667 0.01412504812369771
1 0.8370568217147336 0.31439345329484886 0.021794901511582906 0.008764049303812556
1 0.8419186514017574 0.31040673640575644 0.03379922229599117 0.0126116501104444
1 0.8409024557034753 0.2865164618182163 0.03476251066296044 0.02503059211707786
1 0.8103895261256463 0.2496185828734143 0.012107184106026807 0.05246446445944887
