6 0.3231696111197393 0.14744939021714584 0.04818386086673298 0.01898152094750096
6 0.36770317949656856 0.2076792163005624 0.07008561580615705 0.025552047429328154
6 0.534156517036191 0.07042821868017135 0.021901754939423698 0.010950877469712064
6 0.4739266909527754 0.14197395148229008 0.01241099446567361 0.006570526481827237
6 0.47757698344267946 0.15438494594796373 0.01241099446567361 0.006570526481827237
6 0.45202493601335136 0.20767921630056235 0.016791345453558437 0.008030643477788821
6 0.5994967526054735 0.2230104447581592 0.02117169644144333 0.009490760473750406
6 0.2773191500831998 0.6879504072883639 0.04891391936471376 0.034312749405097806
6 0.30433131450848955 0.8058548547122635 0.06789544031221464 0.05110409485865617
6 0.5123979864330185 0.5350031519613855 0.022631813437404846 0.016061286955577715
6 0.43026640541017785 0.6780946175656232 0.011680935967692818 0.01168093596769296
6 0.4302664054101781 0.6996313432560567 0.011680935967692818 0.012410994465673753
6 0.38865307102527225 0.806219883961254 0.013141052963654403 0.010950877469712026
6 0.5335696828744602 0.8343271361335148 0.022631813437404932 0.01752140395153921
6 0.441101152368758 0.146606914212548 0.021766965428937225 0.02688860435339306
6 0.3969270166453265 0.6882202304737516 0.01792573623559541 0.044814340588988415
