6 0.29456319996109703 0.22083901386376448 0.02715093587531914 0.01875882842294775
6 0.2955505067201996 0.3151268093580545 0.025176322357114138 0.018758828422947717
1 0.2353247944149463 0.2674892582313582 0.018265175043396482 0.2364599688050519
2 0.23507796772517064 0.146791006931076 0.01678421490474271 0.014809601386537707
2 0.23532479441494625 0.3886811629111918 0.01629056152519148 0.01382229462743517
8 0.31110058817606384 0.2679829116109097 0.03455573656858784 0.07552896707134256
7 0.6749231289053403 0.2687942651656592 0.1332864124788393 0.16932310918608098
6 0.6068050831874242 0.5304305563278252 0.02517632235711403 0.018265175043396482
6 0.741819282494693 0.5316646897767034 0.025669975736665265 0.01777152166384518
6 0.6028558561510142 0.6676661958430745 0.0261636291162165 0.018265175043396625
6 0.7383637088378342 0.6681598492226258 0.025669975736665407 0.018265175043396482
8 0.640867166376461 0.5415377573677285 0.04097323050275449 0.06713685961897084
8 0.6712268492188638 0.6568058214929473 0.09774336915114892 0.0261636291162161
2 0.5549714783345423 0.5728847469692334 0.01826517504339641 0.0123413344887814
2 0.7946401941066773 0.5726379202794578 0.01777152166384539 0.011847681109230165
6 0.9047989457535403 0.7484525714066376 0.024435842287787182 0.020634711265242345
6 0.9053419644710465 0.844023865687761 0.024435842287787325 0.01846263639521709
6 0.43725982998054497 0.8445668844052673 0.02769395459282549 0.018462636395216947
6 0.4378028486980514 0.7492670994828973 0.027693954592825563 0.0200916925477361
7 0.6721154253020554 0.7975957653409654 0.24327238544285934 0.10154450017369371
8 0.4570800131695279 0.8206740608349865 0.10534563119623819 0.02932301074534479
8 0.8855217812820635 0.8212170795524929 0.10751770606626365 0.029323010745344505
