9 0.3265049381012117 0.6844484915002127 0.03834956514013811 0.036686231159694674
9 0.3461620824616885 0.7131685048062241 0.02094287064762909 0.028422467307496646
9 0.36860087244129114 0.7075588073113235 0.019446951315655527 0.026178588309536364
9 0.29849729338514014 0.6344685296158903 0.028392660687528205 0.06773973285489703
9 0.3992672187467479 0.6869899164966877 0.01645511265170852 0.031414305971443
9 0.6913454683145747 0.6810062391687939 0.020194910981642236 0.050861257287099164
9 0.8401894418459384 0.5261785883095362 0.015707152985721676 0.028422467307496577
9 0.7136593178160134 0.7769837532513449 0.010728196834725595 0.034738923083873344
9 0.852615010151507 0.5481155541105315 0.018902061089754955 0.023499859733208422
6 0.7988952976479387 0.433554502598096 0.01664800824846024 0.026331939038120224
6 0.8513842862721992 0.44884160255744815 0.01182170450107506 0.018999167948156453
6 0.9675472045749548 0.8244480815112499 0.014217415138591321 0.025344087855749677
