11 0.4789081885856079 0.8126550868486352 0.007444168734491315 0.024813895781637726
10 0.2635504777492009 0.8122290693154959 0.04000121114606057 0.02853598014888342
6 0.26763691254013156 0.6640151043994779 0.026308785258838972 0.00717512325241059
4 0.2712614021340084 0.8805810363463508 0.04902379045131986 0.01960951618052698
4 0.4600029953715933 0.8809312062781477 0.009104418226673808 0.013306457408215623
11 0.27263392048854695 0.35465600781516515 0.04328920926151369 0.0070787650099833795
2 0.22008535065350862 0.28619170726055193 0.01435024650482117 0.009566831003214182
2 0.21986792267616276 0.3298947307070531 0.00956683100321419 0.010001686957905714
2 0.3303868238166554 0.33006238650225256 0.01030556561492066 0.007926951548739097
2 0.3305387631451632 0.2946713983770372 0.010871398867288893 0.008262263139139593
2 0.2803894518068184 0.2912904973806758 0.012741834885778012 0.007841129160478223
1 0.27009796978369066 0.28279594079015746 0.009801411450598515 0.010454838880638423
0 0.25325620148870054 0.5578424943043493 0.10439963188276917 0.23104016871877334
1 0.2756231369161183 0.711212772962515 0.024682668977562834 0.08392107452371349
1 0.22132126516547998 0.711212772962515 0.013164090121366847 0.08392107452371349
1 0.32910225303417084 0.7112127729625146 0.01151857885619583 0.08063005199337182
1 0.5590029809342107 0.7116241507788075 0.01974613518205025 0.08309831889112801
1 0.4948280415925474 0.7099786395136367 0.013164090121366812 0.0863893414214698
10 0.8555439373692466 0.791593028507844 0.0394922703641005 0.02797369150790473
1 0.8663022097048679 0.6885869930664156 0.027150935875319106 0.0847438301562991
1 0.8132344714031092 0.6881425958572897 0.011518578856195942 0.08563262457455269
1 0.9210479020821057 0.6898070577158687 0.012075026740383948 0.08452518718268692
6 0.8595117081166882 0.6429002230705315 0.023685629375368222 0.009288482107987548
0 0.8438477186461293 0.5335745501126737 0.10794836995655643 0.22825327861506878
6 0.8963055917609273 0.4536470433581301 0.015781413977972343 0.015123637451382326
4 0.86292914461331 0.859117502215425 0.04818386086673425 0.01740864999722065
1 0.8670058243629059 0.740860031994039 0.08943042690748343 0.004222037321812593
1 0.8673896459376158 0.7731010442696984 0.08405692486154023 0.0026867510229715208
1 0.8650692700541401 0.8074530752062639 0.0854875325490967 0.004885001859948233
1 0.8633246265327301 0.8388566585916464 0.07292609919494368 0.002791429634256133
6 0.30368098159509205 0.47502191060473264 0.01665205959684485 0.008764241893076204
