9 0.8165524783672456 0.35255141321652544 0.025078901691566388 0.02368562937536829
6 0.7578028290342244 0.3743793461702963 0.01997023653217326 0.014397147267380745
6 0.8172491145253449 0.37484377027569565 0.015325995478179522 0.00882405800258816
9 0.7501146777187634 0.1713793076838076 0.02503253175576816 0.01785028950524797
9 0.7496754071897354 0.5675797740164374 0.025078901691566527 0.017183691899777073
6 0.7503720433478344 0.5887110708121092 0.011610602634984417 0.011146178529585028
6 0.19213426865778202 0.783769195079848 0.011610602634984453 0.011146178529585028
6 0.13593895190445732 0.7851624673960461 0.019041388321374503 0.008359633897188842
4 0.7863380694838256 0.41671228650423003 0.03287900649993589 0.047492214109184375
4 0.7863661334905016 0.5344695716559731 0.02720868972833898 0.046216884373865244
4 0.7868211289172008 0.20226049641719587 0.023198163941519568 0.044782464628374964
4 0.8178957431023975 0.15653679956000777 0.026999342984778005 0.042076898158095254
4 0.8156165777855005 0.5804615485028177 0.023142293986952608 0.04277817979406365
10 0.7763448061712782 0.5825653934107224 0.018233322535174637 0.013324351083396807
4 0.18204741409660144 0.8122229273096089 0.040227571602231865 0.03424916675454341
