11 0.12173326716844662 0.12082089861511967 0.0061303981912717905 0.024800247228326792
11 0.12145461270520701 0.29553724706636564 0.0050157803383132915 0.02480024722832674
6 0.1338547363193704 0.17446188278874777 0.015325995478179432 0.010031560676626548
10 0.34493549222338765 0.12109955307835929 0.018391194573815283 0.02368562937536829
10 0.31275090171921077 0.2960945559928449 0.017555231184096486 0.02480024722832674
10 0.37795604611728334 0.2962338832244647 0.018112540110575778 0.023964283838607797
6 0.36165476001776525 0.12681196957477164 0.0111461785295851 0.013932723161981358
6 0.3369938400210583 0.2902428122648127 0.009195597286907713 0.010867524066345453
6 0.3577535975324105 0.28689895870593723 0.008359633897188842 0.013096759772262417
10 0.5891274277103018 0.12484000315471733 0.01911425885622478 0.023892823570280816
10 0.6225773807086956 0.2992576152177673 0.017919617677710654 0.022698182391766585
10 0.5569642702137184 0.2998521068191373 0.017276576720856907 0.023685629375368222
6 0.597508494615084 0.2944183447859646 0.010867524066345382 0.011703487456064358
6 0.5767487371037319 0.29790152557645994 0.0111461785295851 0.011982141919303935
6 0.5727082473867573 0.13140548379078298 0.010310215139866307 0.013932723161981388
6 0.7538014327863221 0.8131857554785686 0.0178715655350382 0.016674407069981783
6 0.793447797391909 0.9144636939511482 0.00950211719647129 0.011647756563416465
6 0.7847119799693465 0.9231995113737108 0.007356477829526256 0.010115157015598585
11 0.12231225385134957 0.619001496547497 0.004597798643453821 0.02401072624914775
11 0.12282312036728889 0.6649794829820354 0.003576065611575192 0.024010726249147893
