10 0.4248365946551349 0.5844356326091636 0.026973752041595845 0.037650862224727605
10 0.22140954800809928 0.5847166091929303 0.028097658376662324 0.03933672172732735
10 0.6365796046360999 0.6552424118196832 0.015767164699994254 0.012892316690760878
10 0.7261417794487186 0.681888554057634 0.014783771172083675 0.012054717593107967
6 0.6334057184208296 0.7908655859873239 0.004983117272470566 0.004983117272470566
6 0.6966696420539357 0.7780828068970708 0.008439477067662722 0.008601459638595656
6 0.2506806461678163 0.37943342509942574 0.009532919999508978 0.01234946454481832
6 0.37834263280014424 0.331479355575532 0.01666719220305325 0.018737251004054087
6 0.6533245287969405 0.37786633216306115 0.013173768842082722 0.015625093257482233
6 0.24882637462633783 0.683127120946702 0.008824058002588231 0.011148621030515182
6 0.37694845876554245 0.6407490319542412 0.011728540537031795 0.01277532664987805
1 0.6470066168100854 0.368887510700333 0.028237197457642367 0.03828575206382027
