9 0.648534760681148 0.8165132732958196 0.024150053480767823 0.025543325796965773
9 0.4332530776419293 0.7495095409986589 0.015368215851400312 0.02385451086824093
6 0.6243847072003804 0.8165132732958196 0.010217330318786324 0.013468299056581827
6 0.6253135554111809 0.7576369628431457 0.010217330318786168 0.020687982876885128
6 0.41218511140608377 0.751768330965828 0.00911960061511331 0.011146178529585231
6 0.21622830540007001 0.19234736893372437 0.011290952221070724 0.013042098504696984
6 0.21574476951791335 0.13571812761583368 0.008466184035160172 0.017670891533328587
4 0.46555107610406116 0.786650134125491 0.044536664082086334 0.024016700704729884
4 0.5827587146314201 0.7873676042248229 0.04518944692329789 0.023656342020479712
4 0.4196172530248247 0.8166579371479723 0.04509674494792877 0.02594825192969287
4 0.7976576633154511 0.7877349691589512 0.045879754470666965 0.02553706059516401
4 0.1892955247843033 0.18204868595070367 0.032200383942715266 0.04203539475434482
9 0.8283219148255786 0.7493289235496521 0.01941475789211779 0.02722550857072406
10 0.8483792048738661 0.7750024103289361 0.012307715286713546 0.015961455616844648
10 0.41816582414823883 0.7759825942063007 0.014934493719580005 0.02053492886442257
4 0.8430104688314927 0.8158974831750666 0.04291800132664285 0.026989973970727825
