10 0.5762873116799314 0.41683093120507914 0.02809765837666221 0.038212815392260756
10 0.7788714285756639 0.41570702487001254 0.02753570520912911 0.038212815392260534
6 0.6234913777527242 0.3600736612842212 0.012362969685731641 0.012362969685731428
6 0.7517608853652973 0.3173504320592575 0.009279621510517236 0.011268640335539029
6 0.34696584305552763 0.6224783938616387 0.014459296798144833 0.017179935660501116
6 0.7499925833819274 0.620210357283805 0.010118932424178691 0.011863575945588973
6 0.6226704015266845 0.6684110781365797 0.016959329793149038 0.020193524701100217
6 0.303878064595993 0.2220417093384221 0.007149689999631856 0.006499718181483436
6 0.36703365959274026 0.20915060161181373 0.005199774545186671 0.004983117272470566
6 0.36338244425706795 0.34486978892017506 0.015158239095261337 0.012878545356722242
6 0.27440849299986186 0.31851397187799835 0.015382124719306134 0.01243529236868973
1 0.35379253402106686 0.6325023534992347 0.026552278704961838 0.03349975878499066
