6 0.17717460949196867 0.4360754008952976 0.02381226751572058 0.026363581892404894
6 0.22593306202415847 0.44883197277871945 0.023812267515720614 0.025229664391656356
6 0.1834111557460858 0.19511793198622007 0.012473092508234347 0.05471151941111957
6 0.22522436358619058 0.19497619229862673 0.012756571883421728 0.05499499878630711
6 0.5886983480445344 0.622897908515277 0.016658599749830215 0.05333696800759654
6 0.6117768753285433 0.6317960920877654 0.01590605395982614 0.05380676584339085
6 0.565955384237763 0.6977065639291172 0.024467962166285134 0.022071050178391262
6 0.5863062490076595 0.7117196496945958 0.023429829720300575 0.017883228592655485
1 0.5519433623578726 0.6869778982278207 0.054649651137602714 0.03646643458245933
1 0.5722714206637718 0.626730994225388 0.02592045780109551 0.08875660906703836
1 0.5933899900062659 0.6840999717882562 0.03794664217457751 0.031227542164089357
3 0.5767387888182565 0.6777415682423427 0.013323530633796075 0.01927659751272644
6 0.6002675769587899 0.6435823035322913 0.0036852318774328553 0.013890489384170337
6 0.5747544331919439 0.7059477660734602 0.011048732230683242 0.009612185783863936
6 0.6914061960814586 0.832180209889207 0.01247309250823463 0.05499499878630729
6 0.7302428704820981 0.8364324005170144 0.014173968759357648 0.05329412253518427
6 0.7140845460964307 0.9132553111927311 0.021544432514223732 0.007370463754865989
6 0.6736887351322616 0.9068770252510211 0.02296182939015921 0.007086984379678683
3 0.6681608873161123 0.8922778374288829 0.015307886260106046 0.0187096387623518
1 0.6677356682533316 0.839550673644073 0.015591365635293357 0.09354819381175958
1 0.6836906736321116 0.8933936245723259 0.025891563729422556 0.020205668272285777
1 0.6521003144391322 0.8983335433919121 0.03600588722038907 0.0289940909766068
1 0.7232320767728452 0.8974549751653398 0.03803843862547183 0.022437117630483384
3 0.24450096109891678 0.3966141499141515 0.014457448134544606 0.01956007688791331
3 0.15846497072961674 0.39618893085137075 0.014173968759357489 0.02041051501347475
1 0.15860671041721036 0.20441513353726384 0.011622654382673155 0.09326471443657226
1 0.2437922626609489 0.20498209228763817 0.013040051258608827 0.09439863193732087
3 0.15988236760555238 0.256433598884106 0.013040051258608696 0.016441803760854707
3 0.24365052297335532 0.25657533857169945 0.011622654382673119 0.015591365635293251
1 0.18199375887015024 0.2562918591965124 0.03912015377582666 0.015024406884918982
1 0.22068869358319618 0.25657533857169945 0.03713579814951668 0.015591365635293251
