1 0.28848904431940214 0.5583485054883778 0.08272193183162355 0.019203305603769868
1 0.28848904431940214 0.4953112948783229 0.08272193183162356 0.01130307271455114
11 0.18877957291521302 0.4774054196403448 0.02846859456785931 0.009736904220044454
1 0.13948006542912086 0.4692155800121849 0.005011739182423228 0.010336712063747802
1 0.17127328586761817 0.48628681660231393 0.0046985054835217985 0.008770543569240632
1 0.2058856095962286 0.4861301997528632 0.005011739182423226 0.00908377726814209
1 0.23846191428197958 0.49505736017155455 0.005011739182423226 0.009397010967043597
4 0.11958972554887863 0.4596619521956905 0.014095516450565343 0.010649945762649361
0 0.4422511507161918 0.2530788018053628 0.22521856586460628 0.0904422509440067
10 0.18647529832353374 0.2632935016341541 0.029909789401930068 0.03906584738211274
4 0.11995754349979533 0.2717101735667465 0.01781360045652554 0.04775560973451699
6 0.3349531641714906 0.26825652881253204 0.009335687171932935 0.021783270067843464
6 0.5246538976745707 0.30402649428240813 0.011589646859353842 0.015035217547269674
1 0.288945539251228 0.2749427453394084 0.08303825357877487 0.021707095333870628
1 0.28894553925122807 0.2211918426079192 0.08234913944119165 0.011370383270122696
1 0.28911781778562384 0.32869364807089746 0.08407192478514963 0.010681269132539514
10 0.20946005587311892 0.854891859331208 0.02806636972858659 0.042099554592881984
4 0.14145921709363052 0.8637042429667966 0.01930466658222103 0.04790690303097239
1 0.19307289805444014 0.8654451024084159 0.003668843668492927 0.0839247989167756
1 0.1609705159551271 0.8633813778448886 0.003668843668492927 0.07337687336985854
1 0.22678039925871893 0.8681967351597855 0.002293027292808082 0.08209037708252918
1 0.2597999922751553 0.8686553406183473 0.004127449127054534 0.08300758799965244
1 0.30955868452909036 0.8129347774031106 0.08346619345821399 0.012840952839724796
1 0.31024659271693283 0.8672795242426622 0.08484200983389883 0.022471667469518907
1 0.31047589544621346 0.9216242710822133 0.08438340437533723 0.01192374192260282
6 0.35656574403165614 0.8597754713692425 0.009630714629793896 0.021443546194773146
0 0.46494798249881825 0.8432025984499961 0.22414575796657374 0.09382598467181452
6 0.5464061641358993 0.8956936574210623 0.010839765384183613 0.015425819969799826
2 0.7145354763131917 0.21968106267758614 0.008124475447748762 0.012556007510157154
2 0.6716973330432439 0.2193117683390521 0.011078830156021059 0.008863064124816836
2 0.6698508613505736 0.33120795291486443 0.013294596187225227 0.011078830156021005
2 0.704933823511307 0.33120795291486443 0.012556007510157207 0.009601652801884856
2 0.7093653555737153 0.28098392287423585 0.012556007510157207 0.009601652801884856
2 0.7152740649902597 0.2673200323484765 0.015510362218429396 0.013294596187225227
11 0.6465853180229295 0.27285944742648716 0.009601652801884804 0.03914519988460761
