6 0.43090112906418654 0.08245638889499865 0.01469268987990759 0.004306478068248794
6 0.44154066311515405 0.09258927846734871 0.01418604540129003 0.0048131225468662645
6 0.45509340291817224 0.10601535715071257 0.013932723161981287 0.0048131225468662645
6 0.444200546627896 0.11057515745827008 0.013932723161981358 0.0037998335896312872
6 0.41240860559464765 0.11842814687684139 0.01063953405096754 0.0037998335896312517
6 0.4382474740041403 0.12590115293644957 0.010132889572350052 0.0030398668717050194
6 0.4086087720050164 0.1256478306971408 0.01063953405096754 0.0030398668717050194
6 0.7351411384739973 0.055350909288962226 0.0187458457088475 0.004306478068248785
6 0.7595867345672918 0.06839700461336294 0.018999167948156242 0.004559800307557538
6 0.7440074168498036 0.07966984426260239 0.01874584570884764 0.004306478068248775
6 0.7675663851055173 0.08030314986087425 0.01874584570884764 0.005066444786175044
6 0.792391964557775 0.08131643881810927 0.01823920123023015 0.006079733743410039
6 0.7961917981474065 0.09030937831356996 0.014186045401290101 0.004306478068248758
6 0.7695929630199874 0.09005605607426119 0.014186045401290101 0.0032931891110137635
6 0.77921920811372 0.04889119218658907 0.015199334358524936 0.005066444786175035
6 0.6977761081759565 0.08929608935633496 0.00937292285442382 0.002786544632396275
6 0.6881498630822239 0.09866901221075874 0.011399500768893773 0.0032931891110137635
6 0.6889098298001499 0.10905522402241757 0.011906145247511261 0.0037998335896312694
8 0.6704173063306113 0.04078488052870902 0.014946012119216477 0.012666111965437583
8 0.6719372397664637 0.05205772017794846 0.018492523469538894 0.00937292285442382
8 0.6704173063306113 0.06421718766476854 0.017479234512303776 0.01089285629027632
6 0.4391445621704241 0.363010768929441 0.01469268987990759 0.004559800307557538
6 0.442817734640401 0.36972380827112294 0.010892856290276356 0.003799833589631305
6 0.4390179010507697 0.3764368476128049 0.011399500768893844 0.003546511350322561
6 0.4689099252892024 0.37719681433073116 0.010386211811658868 0.002533222393087442
8 0.4670028236311828 0.399088299436005 0.02045955155379808 0.011002978439023963
8 0.4546064030028078 0.4034822205117108 0.020960272871747208 0.008583228401463998
8 0.44069227392063687 0.4075209412402247 0.02140085868603137 0.010655835743506543
6 0.4811960538956769 0.40556890513331134 0.008106311657879957 0.004053155828939907
6 0.78695599674134 0.29942688686294444 0.015705978837142708 0.00506644478617499
6 0.7435112326998891 0.30563328172600884 0.018999167948156384 0.004813122546866282
8 0.6789140616761574 0.29195388080333623 0.013932723161981358 0.011906145247511333
8 0.680813978470973 0.3033533815722301 0.01823920123023015 0.00937292285442382
8 0.6794207061547749 0.31462622122146955 0.01545265659783368 0.009626245093732529
8 0.865485890927053 0.3674439081173443 0.02330564601640518 0.007346344939953724
6 0.8020286699802106 0.4835921548404069 0.01950581242677373 0.005573089264792444
6 0.7770764294082986 0.48232554364386315 0.018239201230230293 0.006079733743410074
6 0.7528841555543129 0.4818188991652456 0.020012456905391503 0.005573089264792514
6 0.7688434566307643 0.47092604287496925 0.018999167948156384 0.005573089264792585
6 0.7792296684424231 0.4919517887375957 0.013426078683363868 0.004559800307557609
6 0.8050685368519157 0.4922051109769045 0.012919434204746522 0.004559800307557467
6 0.7362915488795896 0.5223504574546459 0.009626245093732564 0.00354651135032249
6 0.6976599073850049 0.5110776178054064 0.011399500768893915 0.003799833589631305
6 0.6977865685046594 0.5013247115920195 0.011146178529585028 0.004053155828940121
6 0.707412813598392 0.4918251276179413 0.01063953405096754 0.003799833589631234
6 0.8525664567223066 0.41101533327844947 0.004053155828939907 0.003799833589631234
6 0.4944954714593862 0.4946116722503375 0.014946012119216335 0.004813122546866282
6 0.5080482112624045 0.5082910731730101 0.013679400922672613 0.005319767025483841
6 0.4976619994507457 0.5132308568395308 0.013679400922672755 0.004053155828939978
6 0.4618169025885573 0.5143708069164201 0.010386211811658797 0.004306478068248794
6 0.48410925964772744 0.48511208827625935 0.013426078683363797 0.004559800307557538
6 0.7891092357754644 0.7503404728325224 0.015452656597833823 0.00455980030755768
6 0.7446511827767784 0.7571801732938586 0.019252490187464985 0.005066444786175168
8 0.6796740283940836 0.7427408056532597 0.013426078683363868 0.011146178529585313
8 0.68246057302648 0.754266967541808 0.018492523469538752 0.00937292285442382
8 0.6804339951120099 0.765793129430356 0.015452656597833965 0.010639534050967682
8 0.8668791632432512 0.8182308329672678 0.022039034819861456 0.008612956136497587
8 0.13086068931550252 0.8993212426448369 0.04488421400845974 0.018755790208475957
8 0.15737930183208784 0.8917148755850947 0.03951214003245429 0.016731674287871385
8 0.18168831695982743 0.8834040819493519 0.03979524360715459 0.015319370490085192
6 0.2116611912711651 0.8958845596441032 0.016719267794377615 0.006079733743410003
6 0.1981084514681469 0.921470105814287 0.008359633897188771 0.0045598003075573955
6 0.21609433045906862 0.9131104719170992 0.007346344939953105 0.004559800307555809
6 0.1703696662638386 0.9327429454635265 0.00911960061511504 0.005319767025483912
6 0.15681692646082035 0.935276167856614 0.0073463449399537775 0.004306478068248794
8 0.8574682420529313 0.11698843215010354 0.023776624625209023 0.009007402273660077
8 0.4252751695682699 0.040103021501236284 0.02349985973320855 0.011749929866604263
4 0.08415188047034093 0.9408819326218457 0.03313791303854007 0.013263311433582885
4 0.10848510624041184 0.9312441577012872 0.05265651355528757 0.0104678611284615
4 0.13243430367067838 0.921569316355285 0.04091982077489224 0.00951623738950998
4 0.45943741267315036 0.5764891974702491 0.01810001256630846 0.00489189528819252
4 0.4726455299512701 0.5719641943286699 0.02617163979182608 0.004647300523782221
4 0.48401454989034315 0.5674808205950214 0.02220786350809206 0.005795624410226026
