6 0.6843474206967732 0.2955826232858207 0.0179510319836821 0.026926547975523116
6 0.7797122781100841 0.29580701118561675 0.02019491098164238 0.022887565779194645
2 0.611196965363269 0.2347735024410977 0.015258377186129763 0.014809601386537743
2 0.8537602850427727 0.23589544194007783 0.014809601386537564 0.017951031983682027
7 0.7321420433533268 0.673676234442124 0.16559827004946712 0.13418396407802333
6 0.4693838126921807 0.7414413801805236 0.01884858358286628 0.02468266897756294
6 0.46915942479238465 0.6063598645033162 0.019297359382458266 0.024682668977562727
8 0.45906196930156346 0.6411399889717001 0.06821392153799181 0.04038982196328462
2 0.4274232754303239 0.7943969245323858 0.012116946588985442 0.0175022561840899
2 0.4267501117309358 0.5540774838508423 0.011668170789393315 0.017053480384498058
6 0.3328300189369581 0.7377616317923735 0.01951446365102683 0.027464800694037735
6 0.33319139789345864 0.602967281017688 0.020237221564027835 0.031078590259042825
6 0.2504356168548447 0.43709433998395975 0.019514463651026902 0.026019284868035727
6 0.15430881442571237 0.4363715820709588 0.018068947825024873 0.02601928486803587
6 0.15430881442571243 0.9054414676086043 0.019514463651026846 0.02457376904203372
6 0.25079699581134524 0.9039959517826024 0.01734618991202389 0.027464800694037592
7 0.20309497355327955 0.6705451458832812 0.09829507616813533 0.23706459546432634
8 0.1803280992937482 0.8844814881315756 0.03396962191104677 0.10696817112414707
8 0.3440327665884736 0.66982238797028 0.027464800694037804 0.09829507616813529
8 0.1817736151197502 0.4566088036349866 0.03686065356305075 0.10841368695014929
