6 0.18698799303048347 0.7531805969370957 0.017479374205297802 0.018282229367578964
6 0.08532314518436973 0.793339553452355 0.010421676925162054 0.00766299773908969
10 0.7002235284468094 0.6215351441419631 0.024521592765087235 0.018391194573815283
10 0.7002235284468088 0.5568594432240448 0.02329551312683155 0.016552075116433865
10 0.8750931368528372 0.5893505536377862 0.024828112674650526 0.018391194573815356
6 0.8688094787067837 0.5720321787474433 0.014712955659052085 0.010728196834725595
6 0.7057408868189541 0.5977798511507849 0.011647756563416465 0.010115157015598371
6 0.7020626479041908 0.576783237345679 0.01103471674428917 0.01042167692516216
10 0.7040550273163544 0.3775452961293459 0.023602033036396363 0.0177781547546882
10 0.7042082872711362 0.3124098153470832 0.023295513126832788 0.016245555206870252
10 0.8789246357223821 0.3442878859416965 0.022682473307705495 0.018697714483379
6 0.7129441046936984 0.3576215020077126 0.01195427647298004 0.009808637106034936
6 0.7094191257337172 0.33677814815738855 0.01103471674428917 0.009195597286907642
6 0.872181197711983 0.36206604069638465 0.014099915839925217 0.01195427647298004
6 0.8255901714583175 0.13440898034363397 0.009808637106034723 0.015632515387743046
11 0.7045541394731859 0.1210608596296738 0.025112962989695547 0.005186372791350155
11 0.8802083969065457 0.12119734312418302 0.025385929978714045 0.006005273758405476
11 0.3349031433077023 0.12235253056746612 0.025032459281026435 0.004597798643453856
11 0.3811365630002105 0.12235253056746612 0.02452159276508702 0.003576065611575192
