8 0.04116486388767214 0.3293874718255557 0.012412789726128826 0.012666111965437708
8 0.05294434801552908 0.3269809105521226 0.009626245093732564 0.016465945555068834
8 0.06434384878442291 0.32837418286832076 0.01013288957235006 0.013679400922672542
6 0.055350909288962226 0.2650436230411328 0.004306478068248785 0.01823920123023015
6 0.04863786994728031 0.22134553676037313 0.005066444786175044 0.014946012119216335
6 0.08144309993776364 0.20779279695735497 0.006839700461336298 0.019759134666082617
6 0.09005605607426119 0.20437294672668677 0.004813122546866282 0.013932723161981322
6 0.08093645545914613 0.2322383930506495 0.007346344939953786 0.0195058124267738
6 0.08992939495460682 0.22995849289687073 0.004053155828940031 0.01443936764059881
6 0.07992316650191113 0.2563040057849809 0.004813122546866273 0.018999167948156384
6 0.06827034349370856 0.2412313325461102 0.004306478068248767 0.019252490187465093
6 0.0894227504759893 0.3027886366981368 0.0030398668717050194 0.0111461785295851
6 0.09879567333041311 0.31203489843290627 0.0030398668717050194 0.010386211811658832
6 0.10867524066345446 0.3119082373132519 0.002533222393087495 0.010639534050967576
6 0.1147549744068645 0.31216155955256064 0.002533222393087513 0.010132889572350088
6 0.12058138591096577 0.273529918057976 0.002533222393087513 0.011399500768893844
6 0.17859217871266989 0.17339907280684044 0.002533222393087513 0.004813122546866246
6 0.18391194573815364 0.17213246161029672 0.002533222393087513 0.00531976702548377
6 0.18315197902022742 0.1854318791740062 0.002533222393087442 0.004559800307557538
6 0.3062665873242807 0.2571220728983829 0.004559800307557538 0.019759134666082652
6 0.2996802091022532 0.21266401989969702 0.004559800307557538 0.017479234512303883
8 0.2917005585640275 0.32095927720418826 0.011399500768893844 0.014692689879907555
8 0.30386002605084855 0.3191860215290273 0.008359633897188839 0.018745845708847145
8 0.31513286570008703 0.32057929384522516 0.009626245093732564 0.016972590033686324
6 0.4113953166374127 0.1476868655170022 0.00354651135032249 0.006079733743410074
6 0.41684174478255087 0.14591360984184093 0.0032931891110137457 0.004559800307557573
6 0.49157180537863254 0.2927138475212625 0.0032931891110136746 0.011399500768893844
6 0.5009447282330564 0.30259341485430385 0.0032931891110137457 0.010386211811658832
6 0.5113309400447151 0.3028467370936126 0.003799833589631305 0.009879567333041343
6 0.5167773681898534 0.30297339821326696 0.0030398668717049305 0.010132889572350088
6 0.48257886588317184 0.2230502317113558 0.004559800307557538 0.018492523469538894
6 0.48169223804559125 0.24698918332603284 0.004813122546866282 0.019252490187465127
6 0.49207844985725013 0.2208969926772314 0.003293189111013817 0.013679400922672613
6 0.49207844985725 0.19455147978912124 0.003799833589631305 0.013679400922672579
6 0.4830855103617894 0.19835131337875253 0.004053155828940121 0.019759134666082617
6 0.47079938175531494 0.23128320448889025 0.004813122546866282 0.01874584570884764
6 0.7570535121742041 0.2557288005821847 0.00531976702548377 0.01950581242677391
6 0.7504671339521767 0.21127074758349884 0.004813122546866424 0.01621262331576009
8 0.7432474501318772 0.3203259716059164 0.010132889572350052 0.013426078683363868
8 0.7547736120204255 0.31741276585386574 0.009879567333041309 0.016719267794377615
8 0.7660464516696648 0.3195660048879902 0.009626245093732564 0.01494601211921637
6 0.508554855741022 0.4913184831393238 0.004053155828939907 0.014439367640598917
6 0.5129879949289252 0.5022113394296001 0.003799833589631163 0.014946012119216335
6 0.5143812672451233 0.5381830974114429 0.0040531558289400495 0.009879567333041309
6 0.4944954714593869 0.505124545181651 0.0037998335896313067 0.013679400922672892
6 0.48486922636565377 0.5160174014719271 0.003799833589631305 0.014186045401290101
6 0.563145798312058 0.4740925708663288 0.0017732556751612805 0.004813122546866211
6 0.5670722930213437 0.4834654937207524 0.002533222393087442 0.004813122546866353
6 0.5728987045254449 0.49663825016480767 0.002533222393087513 0.004813122546866282
6 0.5741653157219888 0.5041112562244158 0.0020265779144700248 0.004559800307557538
6 0.4917089268269901 0.47865237117388626 0.003293189111013817 0.004306478068248794
6 0.47068318096436373 0.49461167225033764 0.004306478068248865 0.004813122546866282
6 0.3630212292581442 0.5611087600688848 0.004813122546866353 0.01418604540128996
6 0.3697342685998261 0.5570556042399447 0.002533222393087584 0.01165282300820259
6 0.3769539524201255 0.5613620823081935 0.002786544632396328 0.012159467486820006
6 0.3769539524201255 0.5314700580697609 0.002279900153778769 0.011146178529585028
8 0.3992463094793021 0.5341299415825191 0.01056972045387667 0.021293170165481143
8 0.40329946530823896 0.5467960535479484 0.010830879751689082 0.022978321447699273
8 0.40735262113717874 0.5600954711116605 0.012662197500880695 0.02455748200927829
6 0.10588869603105819 0.5451494589924334 0.004053155828940014 0.013679400922672471
6 0.11082847969757884 0.5551556874451292 0.0032931891110137457 0.014439367640598846
6 0.08232972777534428 0.5692150717267649 0.0035465113503225254 0.014692689879907518
6 0.09208263398873122 0.5587021987954517 0.0037998335896312694 0.014439367640598989
6 0.11918811359476778 0.587834256315959 0.0043064780682488 0.010386211811659893
6 0.9329962677028354 0.8292608107059016 0.004306478068248651 0.009626245093732706
6 0.9346428622583423 0.8438268394661548 0.0030398668717050727 0.007852989418571212
6 0.945409057428964 0.8659925354056704 0.0022799001537786977 0.0045598003075573955
6 0.9132371330367528 0.7837894687499807 0.0032931891110136746 0.00937292285442382
6 0.9213434446946327 0.8019020088605564 0.003293189111013817 0.008612956136497587
6 0.8953779151654857 0.7884759301771925 0.004559800307557538 0.017225912272995175
8 0.8830917865590254 0.8196345656121794 0.019408249041235594 0.042316638309967514
8 0.8919580649348355 0.8421802449106592 0.015626391627815223 0.042129468187731334
8 0.8996843932337495 0.8704256745935841 0.01883370638099649 0.046682755556089715
4 0.9223671987080302 0.8675079032768671 0.009930843218349708 0.034744238768111585
4 0.9306633859356508 0.8918491619370948 0.008819502100418788 0.041675613796227536
4 0.9402780929472538 0.9156897535605596 0.0074633711885397245 0.03008792428829196
8 0.11801546662695828 0.14478177411243617 0.013916722461911366 0.022859978860443064
8 0.3681275209055834 0.13762404136144998 0.01312512043643622 0.022772592688260963
4 0.5676212222399084 0.5162832768127238 0.00399545547663081 0.02116111604289607
4 0.5721346071301765 0.528269643242616 0.003847475644163012 0.0256005110169302
4 0.57694395168538 0.5403299995887422 0.0039954554766307385 0.017165660566265402
6 0.5828631449840923 0.5380363121854912 0.0022196974870171003 0.004883334471437521
6 0.5803289903530812 0.5487648500394069 0.0018867428639644857 0.005623233633776579
8 0.8196388214076181 0.13487642502935399 0.01105809969056594 0.02259573182092538
8 0.04033012998928588 0.5761265256038027 0.010363182517176207 0.025332223930875343
6 0.1265971598738224 0.5624807845636861 0.0028723998735020627 0.011170975942405086
6 0.12580667823131303 0.5918972832062305 0.0035748449998158627 0.01167782699939849
