9 0.35112206695770887 0.1838047009718004 0.024361155346857802 0.025543325796965693
9 0.17194207536918046 0.2508928532253824 0.013021085965155948 0.023154920470570276
9 0.5664881907433661 0.250449560096612 0.017183691899777004 0.025078901691566388
6 0.37537767137152217 0.18287585276100252 0.00928848210798762 0.01439714726738071
6 0.3749132472661229 0.24139329004132415 0.012075026740383877 0.018112540110575743
6 0.7837158617354706 0.8077160598457644 0.013553053050518713 0.017506026856920157
6 0.7842805722792423 0.8633400484072686 0.009035368700345856 0.021459000663321463
4 0.5342508670817804 0.21343287504518935 0.04618639705345018 0.026456199743315593
4 0.41740167645833925 0.213147264610818 0.04502414461031819 0.02377582755745671
4 0.20216637467023824 0.2131782302737855 0.04893863883277824 0.028303932084915502
4 0.5810849176021727 0.18355802249498532 0.04440063320933611 0.02559677971284126
4 0.15669958276971038 0.18443462453994566 0.04207689815809536 0.02594742053082541
10 0.15249189295390086 0.22563492065308066 0.014025632719365112 0.017181400081222264
9 0.3620049831001607 0.2508312884128484 0.0066517727402082664 0.01798222398736854
4 0.8119313505875674 0.81764006806879 0.033389460767493516 0.04228812323028961
