9 0.2509682846203482 0.4338581121813367 0.023489642402889713 0.016071860591450857
9 0.18365018386578455 0.6489694576736739 0.02781668179289575 0.024725939371462786
6 0.18328102559096862 0.6236296968573142 0.015453712107164286 0.013599266654304571
6 0.24231420584033622 0.6248659938258874 0.022253345434316608 0.016071860591450857
6 0.25035013613606166 0.41222291523130666 0.013599266654304536 0.013599266654304571
6 0.8068663428068967 0.21701226091558887 0.013937480415997214 0.010950877469712062
6 0.8641095659440278 0.21601672660016052 0.024888357885709242 0.008959808838855353
4 0.2136449728925574 0.5833249387531168 0.025793871212921572 0.04683993062779592
4 0.21423667908847094 0.4646200130098203 0.0256751454067534 0.04882122068786757
4 0.21329402925191288 0.7979877721814833 0.02605507840703243 0.046342143614452026
4 0.18271419660048607 0.8431878159444105 0.02473525522305433 0.042003263586318694
4 0.18434765685106513 0.41942155665132924 0.024268552294317538 0.0438700753012661
9 0.25111962402198545 0.827199266145855 0.024235465655936893 0.018783621601686493
10 0.22557147116283294 0.8490004719112615 0.01393179464761389 0.011843064244938879
4 0.8183023937992651 0.18940217651822377 0.04457024722031662 0.03671793607738707
